2013-09-30	2167.73	2176.30	2165.16	2174.67	928100.76	8898275.74
2013-09-27	2150.96	2165.78	2149.59	2160.03	1054017.84	9781167.72
2013-09-26	2192.23	2192.23	2154.72	2155.81	1404153.45	12568036.15
2013-09-25	2206.23	2217.97	2193.72	2198.51	1602127.67	14377998.75
2013-09-24	2219.47	2219.54	2187.24	2207.53	1604150.58	14333095.12
2013-09-23	2199.36	2223.07	2198.34	2221.04	1331748.56	12146825.63
2013-09-18	2185.94	2195.90	2172.04	2191.85	1151118.85	10133309.03
2013-09-17	2230.39	2230.93	2184.92	2185.56	1545425.51	13246042.93
2013-09-16	2244.46	2248.47	2226.17	2231.40	1548840.24	13358063.62
2013-09-13	2251.46	2259.42	2228.48	2236.22	1719842.20	14060013.16
