month: 	201404
5755	5641	2282	1960	322
5902	5942	1562	1462	97
5756	5874	1644	1829	-185
5463	5650	1630	1607	23
5169	5356	1197	1198	-1
month: 	201405
5504	5550	1784	1537	247
5299	5447	1443	1519	-76
5269	5299	1358	1422	-64
5155	5371	1440	1793	-353
month: 	201406
5393	5366	1267	1158	109
5513	5478	1448	1566	-118
7265	5783	3487	1686	1801
6180	6500	1695	3307	-1612
month: 	201407
6354	6276	2350	2321	29
5890	6215	2086	1831	255
6432	6563	1719	1838	-119
8168	6433	3437	1708	1729
8018	7864	2142	3328	-1186
month: 	201408
7561	7726	1954	2213	-259
7597	7463	2484	1971	513
7689	7907	2056	2310	-254
5656	7052	4372	2193	2179
month: 	201409
7606	9023	2445	4149	-1704
8304	8328	2183	2023	160
7710	8225	3393	2504	889
11417	8752	4475	2939	1536
7864	8821	1030	4086	-3056
month: 	201410
7912	8243	2502	1691	811
8542	8408	3116	2528	588
6255	8093	4931	2522	2409
8827	9587	2684	4756	-2070
month: 	201411
8723	8858	2874	2705	169
8771	8849	2804	2490	314
8840	8820	3081	2620	461
9912	9838	6890	5167	1723
month: 	201412
12070	11492	4811	4336	475
11926	12133	5044	4242	802
9869	12085	8039	4441	3598
12257	13028	4657	7031	-2374
10977	11558	2747	3733	-986
month: 	201501
12663	12450	5144	4086	1058
13386	11769	8470	3983	4487
12736	13823	3975	7449	-3474
11193	12245	3762	4177	-415
month: 	201502
12427	12015	4447	3761	686
13405	12180	9028	7808	1220
10738	11667	1596	4444	-2848
11309	11383	2654	2046	608
month: 	201503
12424	12166	4941	3618	1323
17782	13067	12147	3960	8187
16447	16591	5705	10788	-5083
15859	16266	6602	6208	394
month: 	201504
17410	16453	7793	6169	1624
19482	19181	7877	5147	2730
25409	20378	17722	9908	7814
22102	23076	8802	11444	-2642
20517	21741	6893	7531	-638
month: 	201505
26378	21237	17388	8812	8576
23702	24771	8250	11969	-3719
31613	24288	16773	11121	5652
28604	28765	12195	13469	-1274
month: 	201506
38531	29449	22699	13621	9078
29988	31076	10634	15368	-4734
22513	26547	24571	9171	15400
29947	34913	7265	19044	-11779
24261	28613	17317	10988	6329
month: 	201507
32970	31236	14652	16409	-1757
32922	33246	10019	9031	988
31026	31908	6916	8129	-1213
28893	29809	7119	8130	-1011
month: 	201508
29274	29253	5761	6968	-1207
28781	29439	5994	6825	-831
26347	27689	6682	6642	40
25758	25942	7731	7334	397
24161	24493	3447	4499	-1052
month: 	201509
24730	25384	5655	6501	-846
24181	24486	5074	5809	-735
22582	23690	4604	6158	-1554
