2015-07-31	177100	75205	5661.96	2539.84
2015-07-31	177100	75205	5661.96	2539.84
2015-08-07	177536	75205	5836.91	2576.99
2015-08-14	181964	75205	6206.62	2674.02
2015-08-21	175213	75205	5482.07	2341.95
2015-08-28	185650	75205	5011.27	2082.12
2015-09-02	160086	75205	4685.21	1855.03
2015-09-11	170272	75205	4893.64	2060.50
2015-09-18	155594	75205	4671.41	1983.30
2015-09-25	156386	75205	4688.23	2017.32
2015-09-30	154157	75205	4687.41	2082.67
2015-10-09	157295	65000	4920.24	2216.66
2015-10-16	162519	65000	5297.77	2449.03
2015-10-23	164155	77840	5384.21	2538.38
