09:10:09     0.00      0    0
09:15:12     0.00      0    0
09:15:21     0.00      0    0
09:17:12     0.00      0    0
09:17:42     0.00      0    0
09:17:51     0.00      0    0
09:18:45     0.00      0    0
09:19:30     0.00      0    0
09:20:09     0.00      0    0
09:20:12     0.00      0    0
09:20:54     0.00      0    0
09:22:48     0.00      0    0
09:23:42     0.00      0    0
09:23:54     0.00      0    0
09:24:42     0.00      0    0
09:25:03     9.28   4428   -1
09:30:12     9.21   5212   -1
09:30:18     9.25    106    1
09:30:34     9.22   2586   -1
09:30:40     9.21   2183   -1
09:30:46     9.21   2703    1
09:30:49     9.21    121    1
09:31:01     9.20    608   -1
09:31:10     9.19    673   -1
09:31:28     9.19   1404    1
09:31:37     9.16   2746   -1
09:31:43     9.17    847    1
09:31:49     9.17    572    1
09:31:52     9.16    310   -1
09:31:58     9.15    725   -1
09:32:19     9.15   6008   -1
09:32:22     9.15    651    1
09:32:31     9.14   1328    0
09:32:40     9.12   1096   -1
09:32:46     9.10   2011   -1
09:32:58     9.10   3713   -1
09:33:07     9.10   3157    1
09:33:10     9.10    583    1
09:33:13     9.03   1956   -1
09:33:25     9.10   3221    1
09:33:31     9.10    714    1
09:33:52     9.06  10369    0
09:34:01     9.03   2938   -1
09:34:10     9.03   3407    1
09:34:28     9.05   8311   -1
09:34:34     9.05   1217   -1
09:34:40     9.06     70    1
09:34:43     9.05   1694   -1
09:34:55     9.08   3781    1
09:35:01     9.07    551   -1
09:35:07     9.07    638   -1
09:35:16     9.07   1981   -1
09:35:43     9.08   5898    1
09:35:52     9.09   2166    1
09:35:58     9.09   3247    1
09:36:04     9.07   1682   -1
09:36:22     9.09   3517   -1
09:36:31     9.09   1235   -1
09:36:37     9.09    290    1
09:36:43     9.09    986    1
09:36:46     9.10   1721    1
09:37:04     9.10   2237   -1
09:37:10     9.10    433   -1
09:37:16     9.10   1983    1
09:37:25     9.10    980    1
09:37:31     9.09    669   -1
09:37:52     9.09   4698    1
09:37:55     9.09    378   -1
09:38:01     9.08    831   -1
09:38:04     9.08    110    1
09:38:10     9.07   1142   -1
09:38:16     9.07    503    1
09:38:22     9.07    565    1
09:38:37     9.08   1934    1
09:38:40     9.08     55    1
09:38:43     9.08    201    1
09:38:46     9.08     33    1
09:38:52     9.08    426    1
09:38:55     9.08     54    1
09:39:04     9.07    712   -1
09:39:10     9.08    345    1
09:39:16     9.07    397   -1
09:39:19     9.07    197    1
09:39:28     9.07    935    1
09:39:34     9.06   3819   -1
09:39:40     9.05   3070   -1
09:39:49     9.05   6738   -1
09:40:04     9.05   2576    1
09:40:10     9.05    426    1
09:40:16     9.04    299   -1
09:40:25     9.05    654    1
09:40:31     9.05   7770   -1
09:40:34     9.02    288   -1
09:40:40     9.02    185    1
09:40:43     9.02    808    1
09:40:46     9.02    344    1
09:40:52     9.01   1107   -1
09:40:55     9.02   2179    1
09:40:58     9.02    187    1
09:41:07     9.01   5197   -1
09:41:13     9.01   5718    1
09:41:19     9.01   1609    1
09:41:22     9.01   6667    1
09:41:40     8.98   5049   -1
09:41:43     8.99   1293    1
09:41:46     8.99   1208    1
09:41:49     8.98     18   -1
09:41:55     8.98    523   -1
09:41:58     9.00    209    1
09:42:07     8.98   1319   -1
09:42:13     8.99   6551    1
09:42:16     8.98    152   -1
09:42:31     8.97   1859   -1
09:42:37     8.97   1678   -1
09:42:43     8.97    735    1
09:42:49     8.96   1188   -1
09:42:52     8.98    640    1
09:42:58     8.96   2159   -1
09:43:07     8.97    822    1
09:43:13     8.98   2886    1
09:43:25     8.99   1562    1
09:43:28     8.99    626   -1
09:43:37     9.00   6794    1
09:43:43     9.00   1531    1
09:43:52     8.96   5589   -1
09:43:58     9.00    914   -1
09:44:10     9.00   1205   -1
09:44:13     9.00    426    1
09:44:19     9.00    440    1
09:44:25     9.00   1966    1
09:44:31     8.99    759   -1
09:44:34     8.99    415    1
09:44:40     8.99    720    1
09:44:46     8.99    268    1
09:44:55     8.95   7699   -1
09:45:01     8.98    715    1
09:45:07     8.94   4221   -1
09:45:10     8.94    215    1
09:45:16     8.94   1320    1
09:45:28     8.95   2735    1
09:45:34     8.95    490    1
09:45:37     8.95    620    1
09:45:43     8.97    246    1
09:45:49     8.97     43    1
09:45:55     8.96   1818   -1
09:46:01     8.97    213    1
09:46:04     8.97    194    1
09:46:16     8.97    267    1
09:46:37     8.98   1656    1
09:46:43     8.98    437    1
09:46:55     8.97   2271   -1
09:46:58     8.98    397    1
09:47:04     8.98   1818    1
09:47:10     8.99     34    1
09:47:40     8.95  16476   -1
09:47:49     8.95   1282    1
09:47:52     8.95   1081    1
09:47:58     8.98    550    1
09:48:01     8.97   1099    0
09:48:13     8.97   4412    1
09:48:16     8.95   2408   -1
09:48:28     8.97   2574    1
09:48:40     8.97    463   -1
09:48:46     8.98    289    1
09:48:55     8.97   1077   -1
09:49:04     8.99   1921    1
09:49:10     8.98   2194   -1
09:49:16     8.98    365    1
09:49:31     8.97   1658   -1
09:49:34     8.98    357    1
09:49:43     8.98    898    1
09:49:52     8.98   1565    1
09:49:58     8.99    119    1
09:50:01     8.98     32   -1
09:50:07     8.99    208    1
09:50:25     9.00   8442    1
09:50:31     9.00   3167    1
09:50:34     9.00   1208    1
09:50:55     8.98   2904   -1
09:50:58     8.98    283    1
09:51:04     8.97    987   -1
09:51:07     8.96    143   -1
09:51:13     8.97    554    1
09:51:16     9.00   5334    1
09:51:28     9.00   2069    1
09:51:34     9.00     13   -1
09:51:49     8.98   4070   -1
09:51:55     9.01    447   -1
09:52:01     9.01    374    1
09:52:04     9.01     93    1
09:52:19     9.00   3134   -1
09:52:22     9.00    552    1
09:52:31     9.00    339    1
09:52:34     9.00    137    1
09:52:43     9.00    532    1
09:52:46     9.00    113    1
09:52:58     9.00    432    1
09:53:07     8.99    735   -1
09:53:10     9.00    693    1
09:53:22     9.00   1151    1
09:53:25     9.00    587    1
09:53:43     9.00   1051    1
09:53:49     9.00    919    1
09:54:07     8.98   4825   -1
09:54:13     9.00    181    1
09:54:16     9.00    156    1
09:54:22     8.99   1294   -1
09:54:44     8.99   2643   -1
09:54:47     8.99     73    1
09:54:50     8.99     43    1
09:55:08     9.00   4783    1
09:55:11     9.01     53    0
09:55:17     9.01     41   -1
09:55:20     9.01     20   -1
09:55:38     9.03   1437    1
09:55:41     9.02    668   -1
09:55:50     9.02    293    1
09:55:53     9.02     21    1
09:55:56     9.02     69    1
09:56:14     9.00   2235   -1
09:56:23     9.01    438    1
09:56:29     9.01    558    1
09:56:35     9.01    285    1
09:56:47     9.01    601    1
09:56:53     9.01    551    1
09:57:05     9.02    343    1
09:57:11     9.02    467    1
09:57:38     9.02   2681    1
09:57:41     9.03      9    0
09:57:47     9.04    421    1
09:57:59     9.04    692    1
09:58:02     9.04    287   -1
09:58:08     9.04    117   -1
09:58:14     9.04    786   -1
09:58:17     9.05     57    1
09:58:23     9.05   2102    1
09:58:32     9.05     59   -1
09:58:35     9.06    305    1
09:58:38     9.06    400    1
09:58:47     9.06    391   -1
09:58:53     9.06    853    1
09:58:56     9.07    497    1
09:59:05     9.07     97    1
09:59:08     9.06   2052   -1
09:59:14     9.07    432    1
09:59:26     9.06   1367   -1
09:59:35     9.05   1692   -1
09:59:41     9.05   2284    1
09:59:47     9.05    102    1
09:59:50     9.05    127    1
09:59:59     9.03   1587   -1
10:00:02     9.03   1338   -1
10:00:08     9.03     81   -1
10:00:11     9.05    100   -1
10:00:20     9.05    382    1
10:00:26     9.05    577    1
10:00:38     9.04   2281   -1
10:00:41     9.04    377    1
10:00:47     9.04    577    1
10:00:53     9.04    126    1
10:00:56     9.05     21    1
10:01:05     9.05    215    1
10:01:08     9.04    359   -1
10:01:14     9.04    246   -1
10:01:23     9.05     23    1
10:01:32     9.05    794    1
10:01:35     9.04    145   -1
10:01:38     9.05     75    1
10:01:41     9.05    160    1
10:01:44     9.05    263    1
10:01:50     9.04    701   -1
10:01:53     9.05     26   -1
10:01:56     9.05    417   -1
10:02:05     9.05    552    1
10:02:08     9.05    111    1
10:02:11     9.04    134   -1
10:02:29     9.04   1561    1
10:02:32     9.03     47   -1
10:02:35     9.03    188   -1
10:02:38     9.04    519    1
10:02:41     9.04     73    1
10:02:53     9.04    374    1
10:02:56     9.04    288    1
10:02:59     9.04     52    1
10:03:05     9.04     92    1
10:03:08     9.04    111    1
10:03:14     9.04     38    1
10:03:20     9.04     99    1
10:03:23     9.04    182    1
10:03:26     9.04     94    1
10:03:32     9.04    153    1
10:03:35     9.04     10    1
10:03:41     9.04   1613    1
10:03:44     9.04     30    1
10:03:50     9.02   2350   -1
10:03:53     9.03     49    1
10:03:56     9.03    534    1
10:04:08     9.02   2165   -1
10:04:14     9.02    561    1
10:04:17     9.01   1444   -1
10:04:20     9.01     88    1
10:04:23     9.01    343    1
10:04:26     9.01     33    1
10:04:32     9.01   2942    1
10:04:41     9.01   3286    1
10:04:47     9.01     54    1
10:04:50     9.01    138    1
10:04:56     9.01   2267    1
10:04:59     9.01     63   -1
10:05:02     9.01   4019   -1
10:05:11     9.02   1558    1
10:05:14     9.02     12    1
10:05:23     9.02   1342    1
10:05:26     9.02   3578    1
10:05:32     9.02    335    1
10:05:35     9.02    159    1
10:05:38     9.01     66   -1
10:05:41     9.02     19    1
10:05:47     9.02    166    1
10:05:53     9.01    350   -1
10:05:56     9.02     82    1
10:05:59     9.02     87    1
10:06:02     9.01    147   -1
10:06:05     9.02     12    1
10:06:11     9.01    177   -1
10:06:26     9.01   1460   -1
10:06:32     9.01   3076   -1
10:07:12     9.01   4895   -1
10:07:18     9.02    545    1
10:07:24     9.02    249    1
10:07:27     9.01    111   -1
10:07:30     9.01     21   -1
10:07:36     9.02    160    1
10:07:45     9.02   1521    1
10:07:48     9.02      1   -1
10:07:51     9.02      3   -1
10:07:57     9.02     86   -1
10:08:03     9.02    150   -1
10:08:09     9.03    209    1
10:08:12     9.03     23    1
10:08:18     9.03   1019    1
10:08:24     9.02   1176   -1
10:08:27     9.02      1   -1
10:08:30     9.02   1844   -1
10:08:33     9.03     15    0
10:08:39     9.04    239    1
10:08:42     9.04     80    1
10:08:48     9.03     63   -1
10:08:54     9.04     79    1
10:09:00     9.04    102    1
10:09:03     9.04    158    1
10:09:06     9.04     37    1
10:09:09     9.04     68    1
10:09:15     9.02    122   -1
10:09:24     9.08   1996    1
10:09:30     9.08    275   -1
10:09:33     9.04      8   -1
10:09:36     9.08      2    1
10:09:42     9.08     10    1
10:09:45     9.04    419   -1
10:09:54     9.04    298    1
10:09:57     9.04    413    1
10:10:03     9.04    945    1
10:10:06     9.07     50    1
10:10:12     9.06     37    0
10:10:18     9.04    460   -1
10:10:21     9.04     42   -1
10:10:27     9.06     29    1
10:10:33     9.04    487   -1
10:10:36     9.05    133    1
10:10:42     9.05      0   -1
10:10:48     9.06     84   -1
10:10:54     9.06     22    1
10:10:57     9.06    205    1
10:11:00     9.06     35    1
10:11:06     9.07    661    1
10:11:09     9.06    200   -1
10:11:15     9.07     26    1
10:11:21     9.06    298   -1
10:11:24     9.07     10    1
10:11:31     9.06    216   -1
10:11:37     9.07    135    1
10:11:43     9.06     60   -1
10:11:52     9.06    608   -1
10:11:55     9.07     74    1
10:11:58     9.07     65    1
10:12:04     9.07     26    1
10:12:10     9.07     27    1
10:12:16     9.07   2736    1
10:12:22     9.06    135    0
10:12:25     9.07      3    1
10:12:31     9.06     83   -1
10:12:37     9.06     31    1
10:12:43     9.06    527    1
10:12:49     9.05    296   -1
10:12:55     9.05    161   -1
10:12:58     9.05      0   -1
10:13:04     9.06     30    1
10:13:16     9.05    105   -1
10:13:22     9.06    140    1
10:13:31     9.07    153    1
10:13:37     9.06     85   -1
10:13:43     9.07     47    1
10:13:49     9.06     43   -1
10:13:55     9.07    516    1
10:14:01     9.07    599    1
10:14:07     9.07   7031    1
10:14:10     9.06     44   -1
10:14:16     9.06    138    1
10:14:22     9.05    125   -1
10:14:28     9.06    170   -1
10:14:34     9.07     41    1
10:14:43     9.06    217   -1
10:14:49     9.05    462   -1
10:14:55     9.05    225   -1
10:15:04     9.07   1792    1
10:15:10     9.06     17    0
10:15:16     9.07    232    1
10:15:28     9.07     97    1
10:15:34     9.06     68    0
10:15:37     9.07      4    1
10:15:40     9.07      7    1
10:15:43     9.06     41   -1
10:15:49     9.07    121    1
10:15:58     9.07    799    1
10:16:04     9.06    127   -1
10:16:13     9.05    125   -1
10:16:16     9.07     22    1
10:16:19     9.06      4    0
10:16:25     9.06    117   -1
10:16:31     9.07      6    1
10:16:37     9.07    394    1
10:16:40     9.07    133    1
10:16:49     9.06    652   -1
10:16:58     9.06   1321   -1
10:17:07     9.08   2454    1
10:17:10     9.07    546   -1
10:17:19     9.09     47    1
10:17:22     9.08     50   -1
10:17:25     9.08     64   -1
10:17:31     9.08      9    1
10:17:40     9.08    195    1
10:17:46     9.07    999   -1
10:17:55     9.07    169    1
10:18:01     9.07     99   -1
10:18:07     9.07    148   -1
10:18:13     9.09    116    1
10:18:19     9.09     18    1
10:18:22     9.08     44   -1
10:18:25     9.08     20   -1
10:18:28     9.09     37    1
10:18:37     9.08    239   -1
10:18:49     9.09    796    1
10:18:58     9.09   1282    1
10:19:01     9.09    144    1
10:19:04     9.09    194    1
10:19:13     9.09    958    1
10:19:19     9.09    551   -1
10:19:22     9.10     66    1
10:19:25     9.10     13    1
10:19:34     9.09     11   -1
10:19:40     9.10    456    1
10:19:52     9.10    311    1
10:19:55     9.10    168    1
10:20:01     9.09    589   -1
10:20:10     9.09    229   -1
10:20:13     9.09    191   -1
10:20:16     9.09     21    1
10:20:22     9.10    305    1
10:20:52     9.07   4098   -1
10:20:58     9.08    169    1
10:21:01     9.08      0    1
10:21:07     9.07    128   -1
10:21:10     9.07     25    1
10:21:13     9.07     22    1
10:21:19     9.07    536    1
10:21:25     9.07    278    1
10:21:34     9.07     76    1
10:21:37     9.06    229   -1
10:21:43     9.07    227    1
10:21:49     9.07    164    1
10:22:01     9.06   1465   -1
10:22:22     9.06   1264   -1
10:22:28     9.07    362    1
10:22:34     9.07     84    1
10:22:40     9.06     56   -1
10:22:49     9.07    304    1
10:22:58     9.06    310   -1
10:23:01     9.08     31    1
10:23:16     9.06    684   -1
10:23:25     9.06    542   -1
10:23:34     9.07     63    1
10:23:37     9.07      1    1
10:23:40     9.05   1523   -1
10:23:52     9.08   1742    1
10:23:55     9.08    217   -1
10:24:04     9.08     77   -1
10:24:10     9.07     26   -1
10:24:22     9.09   2279    1
10:24:31     9.07     72    1
10:24:37     9.08    101    1
10:24:40     9.10   1189    1
10:24:49     9.09   2555    0
10:24:55     9.08   1277   -1
10:24:58     9.09    110    1
10:25:04     9.08    669   -1
10:25:16     9.08    208    1
10:25:19     9.09    223    1
10:25:31     9.08    389    0
10:25:37     9.08    502   -1
10:25:40     9.08     36   -1
10:25:52     9.08     26   -1
10:25:58     9.08     80   -1
10:26:01     9.09    338    1
10:26:13     9.09    182    1
10:26:19     9.08    313   -1
10:26:28     9.09    333    1
10:26:34     9.09    436    1
10:26:40     9.08     57   -1
10:26:49     9.07   2128   -1
10:26:55     9.08    250    1
10:27:01     9.08    195    1
10:27:10     9.08    156    1
10:27:19     9.08    337    1
10:27:25     9.08     65    1
10:27:31     9.08     73    1
10:27:40     9.07   3477   -1
10:27:43     9.07      0   -1
10:27:49     9.08     69   -1
10:27:58     9.08     59   -1
10:28:01     9.08     12    1
10:28:04     9.08    137    1
10:28:13     9.08    529    1
10:28:19     9.07     71   -1
10:28:22     9.05   6191   -1
10:28:34     9.05    547    1
10:28:43     9.04   1633   -1
10:28:46     9.04     70   -1
10:28:58     9.08   1010    1
10:29:04     9.08      0    1
10:29:10     9.08    130    1
10:29:16     9.06     16   -1
10:29:22     9.06     61   -1
10:29:31     9.07    120    1
10:29:37     9.06    468   -1
10:29:46     9.06      1   -1
10:29:52     9.06      2   -1
10:29:58     9.10   2003    1
10:30:01     9.06     21   -1
10:30:10     9.05   1016   -1
10:30:19     9.07    277   -1
10:30:22     9.07     29    1
10:30:25     9.07     10    1
10:30:31     9.07     58    1
10:30:37     9.06     43   -1
10:30:46     9.07    454    1
10:30:58     9.06    180    0
10:31:07     9.07      3    1
10:31:13     9.06    116   -1
10:31:25     9.07    389    1
10:31:31     9.07      2    1
10:31:40     9.07     36    1
10:31:46     9.07     10    1
10:31:52     9.07   1047    1
10:31:58     9.07      1    1
10:32:28     9.07   2324    1
10:32:34     9.07     41    1
10:32:40     9.07    188    1
10:32:43     9.07      5    1
10:32:49     9.06    235   -1
10:32:55     9.07    110    1
10:33:01     9.07    148    1
10:33:04     9.07    142    1
10:33:16     9.09     52    1
10:33:19     9.07      0   -1
10:33:31     9.08     55    1
10:33:37     9.09    715    1
10:33:40     9.09      1    1
10:33:46     9.06     18   -1
10:33:52     9.07     69    0
10:33:58     9.09     38    1
10:34:01     9.05   1961   -1
10:34:07     9.05    150    1
10:34:13     9.05     52    1
10:34:16     9.05     24    1
10:34:22     9.05    394    1
10:34:28     9.05    216    1
10:34:34     9.05    259    1
10:34:43     9.05      0   -1
10:34:49     9.06     88   -1
10:34:52     9.07      1   -1
10:34:55     9.05     25   -1
10:35:04     9.08     88    1
10:35:10     9.07      4   -1
10:35:13     9.08     30    1
10:35:19     9.08      9    1
10:35:25     9.05   2139   -1
10:35:28     9.05     23    1
10:35:34     9.05     89    1
10:35:37     9.05    193    1
10:35:40     9.05     28    1
10:35:46     9.05    528    1
10:35:49     9.06     10   -1
10:35:55     9.06      1   -1
10:36:01     9.07    132    1
10:36:07     9.06     48   -1
10:36:13     9.07    178    1
10:36:19     9.07     38   -1
10:36:22     9.07     40   -1
10:36:28     9.07     36   -1
10:36:34     9.08   2302    1
10:36:37     9.08      1   -1
10:36:43     9.08     51   -1
10:36:49     9.08      9   -1
10:36:58     9.08     30   -1
10:37:04     9.09     57    1
10:37:13     9.09     72    1
10:37:16     9.09      5    1
10:37:25     9.09    122    1
10:37:28     9.09    154    1
10:37:31     9.09    158    1
10:37:34     9.09     60    1
10:37:37     9.09     72    1
10:37:40     9.09      1    1
10:37:46     9.08    472   -1
10:37:52     9.09    321    1
10:38:01     9.08    240   -1
10:38:07     9.08    319   -1
10:38:19     9.08    230   -1
10:38:22     9.09    138    1
10:38:28     9.09    428    1
10:38:34     9.09     18    1
10:38:37     9.09      7    1
10:38:40     9.09      5    1
10:38:58     9.09     84    1
10:39:04     9.09    125    1
10:39:10     9.09     48    1
10:39:13     9.08      5   -1
10:39:16     9.09      1    1
10:39:19     9.09      2    1
10:39:25     9.09     45    1
10:39:31     9.09    295    1
10:39:43     9.09     95   -1
10:39:46     9.10    882    1
10:39:52     9.10     66    1
10:39:58     9.09     40   -1
10:40:04     9.10     61    1
10:40:07     9.10     34    1
10:40:10     9.09     37    0
10:40:13     9.10     12    1
10:40:19     9.09     22   -1
10:40:22     9.10     54    1
10:40:28     9.09    142   -1
10:40:37     9.10    639    1
10:40:43     9.09    330   -1
10:40:52     9.09     43    1
10:40:58     9.08     91   -1
10:41:01     9.09     86    0
10:41:04     9.09     43    1
10:41:10     9.09      4    1
10:41:16     9.08     38   -1
10:41:19     9.08    687   -1
10:41:22     9.08     82   -1
10:41:25     9.09     54    1
10:41:31     9.09   6510    1
10:41:37     9.09      6    1
10:41:43     9.08    173    0
10:41:49     9.08     44    1
10:41:58     9.08    108    1
10:42:16     9.08     56    1
10:42:19     9.08      5    1
10:42:25     9.07     40   -1
10:42:31     9.08     16    1
10:42:37     9.07      8   -1
10:42:40     9.08     33    1
10:42:43     9.07     29   -1
10:42:46     9.08      5    1
10:43:01     9.08      3    1
10:43:04     9.08     50    1
10:43:10     9.07     39   -1
10:43:16     9.07     61   -1
10:43:22     9.07      3    1
10:43:28     9.07     30    1
10:43:31     9.07     15    1
10:43:37     9.06     60   -1
10:43:43     9.07     43    1
10:43:49     9.07     35    1
10:43:58     9.07    246    1
10:44:04     9.07     29    1
10:44:07     9.06     50   -1
10:44:13     9.07    174    1
10:44:46     9.07    343   -1
10:44:52     9.06     65   -1
10:44:55     9.06     42   -1
10:45:01     9.07    189    1
10:45:07     9.07    172    1
10:45:10     9.06    112   -1
10:45:16     9.08     57    1
10:45:19     9.08      0    1
10:45:22     9.06   1083   -1
10:45:28     9.06      0   -1
10:45:31     9.07     10   -1
10:45:37     9.08     40   -1
10:45:43     9.08      6   -1
10:45:49     9.08     29   -1
10:45:55     9.08      5    1
10:46:01     9.08     25    1
10:46:04     9.08     10    1
10:46:16     9.07      8   -1
10:46:22     9.07     41   -1
10:46:25     9.08      5    1
10:46:31     9.07    239   -1
10:46:37     9.08     33    1
10:46:46     9.07     25   -1
10:46:52     9.08     15    1
10:46:58     9.08      2    1
10:47:04     9.08    176    1
10:47:13     9.08     85    1
10:47:16     9.07      8   -1
10:47:19     9.08      2    1
10:47:22     9.08     96    1
10:47:28     9.07    215   -1
10:47:34     9.07     38   -1
10:47:43     9.07    205    0
10:47:49     9.07     20    1
10:47:55     9.06    139   -1
10:48:01     9.07     31    1
10:48:04     9.06      6   -1
10:48:10     9.07     14    1
10:48:16     9.07      5    1
10:48:19     9.07      5    1
10:48:22     9.07     60    1
10:48:25     9.07      7    1
10:48:31     9.07     14    1
10:48:37     9.06     94   -1
10:48:43     9.07     10    1
10:48:49     9.05   5080   -1
10:48:55     9.07    102    1
10:48:58     9.07      3    1
10:49:04     9.06     31   -1
10:49:07     9.07     58    1
10:49:13     9.06     61    1
10:49:16     9.06      2   -1
10:49:22     9.05    199   -1
10:49:25     9.07     11    1
10:49:31     9.06     34   -1
10:49:43     9.07     18    1
10:49:46     9.07      9    1
10:49:55     9.06     64   -1
10:50:04     9.07    148    1
10:50:07     9.06      5   -1
10:50:10     9.06      7    1
10:50:19     9.06     25    1
10:50:22     9.07     43    1
10:50:31     9.07   1699    1
10:50:40     9.07     22    1
10:50:49     9.07      1    1
10:50:52     9.07      3    1
10:51:01     9.06     52   -1
10:51:04     9.07     50    1
10:51:07     9.05   2533   -1
10:51:40     9.05    907    1
10:51:43     9.05    140    1
10:51:46     9.05     13    1
10:51:49     9.05     20    1
10:51:52     9.05    688    1
10:51:55     9.05     46    1
10:52:01     9.05    122    1
10:52:04     9.05    183    1
10:52:07     9.05     12    1
10:52:10     9.05    889    1
10:52:16     9.05    111    1
10:52:19     9.05     12    1
10:52:22     9.05    557    1
10:52:28     9.05     18    1
10:52:34     9.05    101    1
10:52:49     9.05    346   -1
10:52:52     9.05     11    1
10:52:58     9.05     22    1
10:53:04     9.05    120    1
10:53:10     9.06      5    1
10:53:19     9.06     14    1
10:53:22     9.06     50    1
10:53:25     9.05    126   -1
10:53:34     9.05    500   -1
10:53:37     9.06      1    1
10:53:46     9.05    246   -1
10:53:55     9.06    103    1
10:54:01     9.06    500   -1
10:54:07     9.07     10    1
10:54:16     9.07     15    1
10:54:28     9.05    703   -1
10:54:31     9.06     34    1
10:54:37     9.06      6    1
10:54:40     9.06    190    1
10:54:49     9.06    167    1
10:54:52     9.06    617    1
10:54:55     9.05    504   -1
10:54:58     9.06     10    1
10:55:04     9.06      5    1
10:55:16     9.06    262    1
10:55:19     9.05     51   -1
10:55:25     9.06     38    1
10:55:31     9.06    206    1
10:55:34     9.07    424    1
10:55:46     9.06    106   -1
10:55:52     9.05     30   -1
10:55:58     9.06     76    1
10:56:07     9.05     86   -1
10:56:13     9.06    138    1
10:56:16     9.05      8   -1
10:56:19     9.06      3    1
10:56:25     9.05     90   -1
10:56:31     9.06     60    1
10:56:37     9.06     24    1
10:56:43     9.06    266    1
10:56:52     9.06    996   -1
10:56:58     9.06     33    1
10:57:01     9.06      1    1
10:57:07     9.05     25   -1
10:57:13     9.06     91    1
10:57:19     9.06      4   -1
10:57:25     9.05    597   -1
10:57:28     9.07     60    1
10:57:31     9.07      1    1
10:57:34     9.07     80    1
10:57:40     9.06     57   -1
10:57:43     9.06     22   -1
10:57:52     9.06     40   -1
10:57:55     9.07     30    1
10:58:01     9.07     12    1
10:58:10     9.06     18   -1
10:58:19     9.06     36   -1
10:58:25     9.07     50    1
10:58:31     9.06    372   -1
10:58:40     9.06      7   -1
10:58:46     9.07    284    1
10:58:52     9.07     77    1
10:58:55     9.06    118   -1
10:58:58     9.06     17    1
10:59:01     9.06     49    1
10:59:07     9.05    215   -1
10:59:13     9.06     10    1
10:59:16     9.06     20    1
10:59:22     9.06     42    1
10:59:28     9.05      2   -1
10:59:37     9.05   1608   -1
10:59:43     9.05    119   -1
10:59:49     9.05      6   -1
10:59:55     9.06    115    1
11:00:01     9.06     16    1
11:00:04     9.06     26    1
11:00:10     9.06    850    1
11:00:16     9.06    293   -1
11:00:19     9.06     10   -1
11:00:22     9.06     40   -1
11:00:25     9.06     24   -1
11:00:31     9.06    355   -1
11:00:37     9.06     13   -1
11:00:40     9.07     22    1
11:00:52     9.05   3430   -1
11:00:58     9.05    247    1
11:01:01     9.05      5    1
11:01:04     9.05     63    1
11:01:07     9.05     63    1
11:02:01     9.05    431    1
11:02:07     9.04     19   -1
11:02:13     9.05     38    1
11:02:16     9.05    177    1
11:02:22     9.05    181    1
11:02:28     9.04     24   -1
11:02:31     9.05     75    1
11:02:37     9.05     42    1
11:02:43     9.05    559    1
11:02:49     9.05     30    1
11:02:59     9.05     87    1
11:03:05     9.05     77    1
11:03:11     9.05     58    1
11:03:17     9.04   1110   -1
11:03:23     9.04    207   -1
11:03:32     9.04    402   -1
11:03:38     9.06    133    1
11:03:41     9.06      1    1
11:03:50     9.05     92   -1
11:03:53     9.05    134   -1
11:03:59     9.05     20   -1
11:04:02     9.06      1    1
11:04:05     9.05      5   -1
11:04:11     9.06      5    1
11:04:14     9.06     20    1
11:04:20     9.05     10   -1
11:04:26     9.06    151    1
11:04:29     9.05      5   -1
11:04:32     9.05     32   -1
11:04:35     9.05     30   -1
11:04:41     9.05      7   -1
11:04:47     9.06     43    1
11:04:50     9.05      1   -1
11:04:53     9.05     65   -1
11:04:56     9.06     10    1
11:05:02     9.07   2259    1
11:05:08     9.07      5   -1
11:05:14     9.08     10    1
11:05:23     9.07     32   -1
11:05:29     9.07     32    1
11:05:35     9.06      5   -1
11:05:38     9.07     29    1
11:05:41     9.07     50    1
11:05:44     9.07     12    1
11:05:50     9.08    250    1
11:05:53     9.06      0   -1
11:05:59     9.06      0   -1
11:06:05     9.07     12   -1
11:06:08     9.07     21   -1
11:06:14     9.08     28    1
11:06:17     9.07     10   -1
11:06:20     9.07      5   -1
11:06:26     9.07     47   -1
11:06:29     9.07     48   -1
11:06:32     9.08      4    1
11:06:35     9.07     16   -1
11:06:41     9.07    216   -1
11:06:47     9.07      2    1
11:06:50     9.06      7   -1
11:07:20     9.07     62    1
11:07:23     9.07     41    1
11:07:26     9.06      5   -1
11:07:35     9.06      5   -1
11:07:41     9.06     27   -1
11:07:47     9.06      6   -1
11:07:53     9.06      7   -1
11:07:59     9.06     96   -1
11:08:02     9.06     58   -1
11:08:08     9.06      5   -1
11:08:11     9.06      7   -1
11:08:17     9.06    315   -1
11:08:20     9.06     13    1
11:08:26     9.05     17   -1
11:08:32     9.06     10    1
11:08:38     9.06   1654    1
11:08:44     9.06      7    1
11:08:47     9.06     35    1
11:08:53     9.06    265    1
11:08:59     9.06    164    1
11:09:02     9.06      5    1
11:09:08     9.06    159    1
11:09:17     9.06    110    1
11:09:23     9.05     42   -1
11:09:29     9.06     53    1
11:09:32     9.06     10    1
11:09:38     9.05    117   -1
11:09:44     9.06    146    1
11:09:47     9.05      7   -1
11:09:50     9.06    347    1
11:09:53     9.05    288   -1
11:09:56     9.06     70    1
11:09:59     9.05   2244   -1
11:10:05     9.04    165   -1
11:10:11     9.04    178   -1
11:10:20     9.05    137    1
11:10:26     9.05     98    1
11:10:32     9.04      9   -1
11:10:38     9.05    138    1
11:10:41     9.05     33    1
11:10:47     9.04    115   -1
11:10:53     9.05     33    1
11:10:59     9.05     39    1
11:11:02     9.04     32   -1
11:11:05     9.04      5   -1
11:11:14     9.04     46   -1
11:11:20     9.04    175   -1
11:11:23     9.04      6   -1
11:11:29     9.04     79   -1
11:11:35     9.04    540   -1
11:11:38     9.05     52    1
11:11:41     9.04    203   -1
11:11:44     9.04    549   -1
11:11:50     9.04    798   -1
11:11:56     9.05     75    1
11:11:59     9.04    300   -1
11:12:05     9.04    551   -1
11:12:08     9.05    106    1
11:12:11     9.03    269   -1
11:12:14     9.03      0   -1
11:12:17     9.04      5    1
11:12:20     9.03     40   -1
11:12:26     9.04     86    1
11:12:32     9.03   2843   -1
11:12:35     9.03      9    1
11:12:38     9.03      1    1
11:12:41     9.03   1394    1
11:12:47     9.04      6    1
11:12:56     9.03   1860   -1
11:12:59     9.03     17    1
11:13:02     9.02     12   -1
11:13:08     9.02   2774   -1
11:13:11     9.02     86    1
11:13:14     9.02    293    1
11:13:17     9.02   5049    1
11:13:23     9.01     78   -1
11:13:26     9.02      2    1
11:13:29     9.02     48    1
11:13:32     9.02      8    1
11:13:35     9.01     32   -1
11:13:41     9.01   1210   -1
11:13:44     9.01    450   -1
11:13:47     9.01     90    1
11:13:50     9.01     46    1
11:13:56     9.01   3354    1
11:13:59     9.00    135   -1
11:14:05     9.01     27    1
11:14:11     9.01     33    1
11:14:14     9.01     85    1
11:14:20     9.01     32    1
11:14:26     9.01    269    1
11:14:29     9.00     54   -1
11:14:32     9.01    932    1
11:14:35     9.00    640   -1
11:14:41     9.00     46   -1
11:14:44     9.00    315   -1
11:14:47     9.01     29    1
11:14:50     9.01     39    1
11:14:56     9.00    711   -1
11:15:02     9.01   2247    1
11:15:08     9.01     29    1
11:15:14     9.01    117    1
11:15:17     9.01    115    1
11:15:23     9.00     58   -1
11:15:26     9.01    121    1
11:15:29     9.01    163    1
11:15:38     9.01    245    1
11:15:44     9.01     26    1
11:15:47     9.01     68    1
11:15:50     9.01     74    1
11:15:53     9.01      4    1
11:15:56     9.01     12    1
11:15:59     9.01    107    1
11:16:02     9.01     23    1
11:16:08     9.01    291    1
11:16:11     9.01     96    1
11:16:14     9.01     38    1
11:16:17     9.01     64    1
11:16:20     9.00    117   -1
11:16:23     9.00     90   -1
11:16:29     9.01   1641    1
11:16:35     9.00    155   -1
11:16:41     9.01     63    1
11:16:47     9.01    227    1
11:16:50     9.01    201    1
11:16:56     9.01    854    1
11:16:59     9.01      4    1
11:17:05     9.01    210    1
11:17:08     9.01    122    1
11:17:11     9.01    116    1
11:17:38     9.01   2928    1
11:17:44     9.01     89    1
11:17:47     9.01    534    1
11:17:50     9.01     16    1
11:17:59     9.01     92    1
11:18:02     9.01    101    1
11:18:05     9.01    508    1
11:18:11     9.01    571    1
11:18:17     9.01   2597    1
11:18:20     9.01    219    1
11:18:23     9.01    267    1
11:18:26     9.01    161    1
11:18:32     9.01   1360    1
11:18:35     9.01    136    1
11:18:38     9.01   4667    1
11:18:41     9.01     24    1
11:18:44     9.00   8980   -1
11:18:47     9.00    214    1
11:18:53     9.00    268    1
11:18:59     9.00    324    1
11:19:02     9.00     17    1
11:19:05     9.00     47    1
11:19:14     9.00   2608    1
11:19:20     9.00    304    1
11:19:23     8.99    290   -1
11:19:29     8.99    220   -1
11:19:32     8.99    187    1
11:19:38     8.99     72    1
11:19:41     8.99     67    1
11:19:44     8.99     38    1
11:19:47     8.99     44    1
11:19:53     8.99     84    1
11:19:59     8.99     69    1
11:20:05     8.98    215   -1
11:20:08     8.99    181    1
11:20:11     8.98    122   -1
11:20:14     8.99    205    1
11:20:17     8.99     32    1
11:20:23     8.99    120    1
11:20:26     8.99    179    1
11:20:29     8.99   1836    1
11:20:35     8.99    209    1
11:20:38     8.98    173   -1
11:20:41     8.98    541   -1
11:20:47     8.99     74    1
11:20:53     8.99     90    1
11:20:59     8.99    152    1
11:21:05     8.99     49    1
11:21:08     8.98    105   -1
11:21:11     8.99     12    1
11:21:14     8.99     15    1
11:21:20     8.99   1073    1
11:21:23     8.99    169    1
11:21:29     8.99    737    1
11:21:35     8.99    192    1
11:21:41     8.99    246    1
11:21:44     8.99     49    1
11:21:47     8.99      4    1
11:21:50     8.98     20   -1
11:21:56     8.99    226    1
11:21:59     8.98    186   -1
11:22:02     8.99    263    1
11:22:08     8.99    396    1
11:22:20     8.99    552    1
11:22:23     8.99    599    1
11:22:26     8.99     98    1
11:22:29     8.99      5    1
11:22:32     8.99     20    1
11:22:35     8.99    611    1
11:22:41     8.99    316    1
11:22:44     8.99     15    1
11:22:50     8.99    547    1
11:22:56     8.99   1616    1
11:23:02     8.99    605    1
11:23:05     8.98    290   -1
11:23:08     8.98     15    1
11:23:11     8.98    268    1
11:23:14     8.98     24    1
11:23:17     8.99    579    1
11:23:20     8.97    311   -1
11:23:26     8.97    150   -1
11:23:29     8.98     47    1
11:23:35     8.98    231    1
11:23:38     8.98     83    1
11:23:41     8.98    208    1
11:23:50     8.98    560   -1
11:23:56     8.98     34   -1
11:24:02     8.98     72   -1
11:24:05     8.98      5   -1
11:24:08     8.98     10   -1
11:24:14     8.99     16    1
11:24:20     8.99     10    1
11:24:23     8.98     42   -1
11:24:26     8.99     19    1
11:24:29     9.00   5111    1
11:24:32     9.00     20    1
11:24:35     8.99      5   -1
11:24:38     8.99     15   -1
11:24:41     9.00     12    1
11:24:47     9.00     85    1
11:24:50     9.00     43    1
11:24:53     9.00    158    1
11:24:59     8.99    548   -1
11:25:05     8.99    122    1
11:25:08     8.99    156    1
11:25:14     8.99    708    1
11:25:17     8.99     26    1
11:25:20     9.00     36    1
11:25:23     9.00     50    1
11:25:29     9.00    150    1
11:25:32     8.99     31   -1
11:25:35     8.99      5   -1
11:25:38     9.00      3    1
11:25:41     8.99      5   -1
11:25:44     9.00     34    1
11:25:47     8.99    500   -1
11:25:50     9.00    128    1
11:25:53     8.99     61   -1
11:25:59     8.99     82   -1
11:26:02     8.99    369   -1
11:26:05     8.99     10    1
11:26:08     8.99     18    1
11:26:14     8.99     53    1
11:26:20     8.99    481    1
11:26:23     8.99    166   -1
11:26:26     8.99     20   -1
11:26:29     9.00     10    1
11:26:32     8.99     82   -1
11:26:35     8.99    182   -1
11:26:50     8.99     28   -1
11:27:14     9.00    896    1
11:27:17     9.00      1    1
11:27:20     9.00     13    1
11:27:23     8.99     40   -1
11:27:26     9.00     15    1
11:27:29     9.00     13    1
11:27:32     9.00    201    1
11:27:38     8.99    531   -1
11:27:41     9.00     30    1
11:27:44     9.00     65    1
11:27:47     9.00    265    1
11:27:50     9.00    462    1
11:27:53     9.00    810    1
11:27:59     9.00   1833    1
11:28:02     9.00    483    1
11:28:05     9.00    198    1
11:28:08     9.00    202    1
11:28:14     9.01     38    1
11:28:17     9.00    142   -1
11:28:20     9.00    349   -1
11:28:23     9.00     24    1
11:28:29     9.00     51    1
11:28:35     9.00     72    1
11:28:38     9.00     30    1
11:28:41     9.00      3    1
11:28:44     9.00     12    1
11:28:47     8.99   1300   -1
11:28:50     9.00     17    1
11:28:56     9.00    306    1
11:28:59     9.00     12    1
11:29:05     9.00    180    1
11:29:08     9.00     29    1
11:29:11     9.00     68    1
11:29:14     9.00     27    1
11:29:17     9.00     91    1
11:29:20     9.00     12    1
11:29:23     9.00     13    1
11:29:26     9.00     28    1
11:29:29     9.00     37    1
11:29:36     9.00     34    1
11:29:42     9.00     95    1
11:29:48     9.00     10    1
11:29:51     9.00      6    1
11:29:57     9.00      7    1
11:30:03     9.00    536    1
13:00:35     9.02   6108    1
13:00:38     9.02     20    1
13:00:41     9.02      0    1
13:00:50     9.02      4    1
13:00:56     9.02     13    1
13:00:59     9.01     21   -1
13:01:11     9.01    147   -1
13:01:17     9.01    348   -1
13:01:23     9.00    167   -1
13:01:26     9.01     30    1
13:01:32     9.02     81    1
13:01:38     9.02      0    1
13:01:41     9.01     38    1
13:01:47     9.00     62   -1
13:01:53     9.02     44    1
13:02:02     9.01    189   -1
13:02:08     9.00    141   -1
13:02:53     9.00    564   -1
13:02:59     9.01     52    1
13:03:02     9.01      9    1
13:03:08     9.00    246   -1
13:03:14     9.00      8   -1
13:03:17     9.01     20    1
13:03:23     9.00     82   -1
13:03:29     9.01    250    1
13:03:35     9.01     35    1
13:03:41     9.01     45    1
13:03:44     9.01     19    1
13:03:50     9.00   1078   -1
13:03:56     9.00    481   -1
13:03:59     9.00     10    1
13:04:05     8.99    168   -1
13:04:08     9.00    990    1
13:04:14     8.99     39   -1
13:04:17     9.00    711    1
13:04:20     9.00    100    1
13:04:26     9.00     50    1
13:04:32     9.00    183    1
13:05:17     8.99    830   -1
13:05:20     9.00    559    1
13:05:23     8.99   2260   -1
13:05:29     9.00     33    1
13:05:35     8.99     67   -1
13:05:38     8.99      0   -1
13:05:41     8.99     20   -1
13:05:47     9.00     74    1
13:05:56     9.00     83   -1
13:06:02     9.00     37   -1
13:06:05     9.01     18    1
13:06:11     9.01     70    1
13:06:17     9.00    223   -1
13:06:23     9.00     83   -1
13:06:26     9.01      4    1
13:06:29     9.01    310    1
13:06:35     9.00     45   -1
13:06:38     9.01    207    1
13:06:41     9.01    308    1
13:06:44     9.00     25   -1
13:06:50     9.00    364   -1
13:06:56     9.00    183   -1
13:06:59     9.00    106   -1
13:07:44     9.00   1322   -1
13:07:47     9.00     44    1
13:07:53     8.99     44   -1
13:07:59     9.00     49    1
13:08:02     9.00    104    1
13:08:05     9.00     77    1
13:08:08     8.99     31   -1
13:08:14     9.00     69    1
13:08:17     9.00     63    1
13:08:20     9.00     11    1
13:08:24     8.99     43   -1
13:08:30     9.00    188    1
13:08:36     9.00    105    1
13:08:39     9.00     25    1
13:08:45     9.00     41    1
13:08:48     9.00    115    1
13:08:51     8.99     23   -1
13:08:57     9.00    248    1
13:09:03     9.00     73   -1
13:09:06     9.00    161    1
13:09:12     9.00     48    1
13:09:15     9.00      6    1
13:09:18     9.00     96    1
13:09:21     9.00    152    1
13:09:24     9.00    132    1
13:09:30     9.00   3427    1
13:09:33     9.00    160   -1
13:09:39     9.00    187   -1
13:09:45     9.00    182   -1
13:09:48     9.00     20    1
13:09:54     9.00    195    1
13:10:00     9.01    896    1
13:10:03     9.01    103   -1
13:10:09     9.01    277   -1
13:10:12     9.00    114   -1
13:10:15     9.00     74   -1
13:10:18     9.00     26   -1
13:10:24     9.00    420   -1
13:10:27     9.00    100   -1
13:10:30     9.00     99   -1
13:10:36     9.01     93    1
13:10:39     9.00    228   -1
13:10:42     9.01    271    1
13:10:45     9.00     19   -1
13:10:48     9.00    125   -1
13:10:54     9.00    377   -1
13:10:57     9.00    166   -1
13:11:00     9.00     23   -1
13:11:06     9.00    271   -1
13:11:12     9.00    378   -1
13:11:15     9.00    426   -1
13:11:18     9.00    119   -1
13:11:21     9.00   1114   -1
13:11:27     9.00    242    1
13:11:30     9.00    106    1
13:11:33     9.00   1627    1
13:11:36     9.00     73   -1
13:11:42     9.00    228   -1
13:11:48     9.01    800    1
13:11:51     9.00    333   -1
13:12:30     9.01   2150    1
13:12:33     9.01     51   -1
13:12:39     9.01    133   -1
13:12:45     9.01    422   -1
13:12:51     9.01     87   -1
13:12:57     9.01    202   -1
13:13:00     9.01     76   -1
13:13:03     9.01     81   -1
13:13:06     9.02    241    1
13:13:12     9.00    279   -1
13:13:18     9.00    189   -1
13:13:24     9.00    175   -1
13:13:27     9.00     56   -1
13:13:33     9.02    173    1
13:13:39     9.01    366   -1
13:13:45     9.01    336   -1
13:13:51     9.01    280   -1
13:13:54     9.01     78   -1
13:14:00     9.01    128   -1
13:14:06     9.01    362   -1
13:14:12     9.01   1718   -1
13:14:18     9.01    251   -1
13:14:24     9.00    300   -1
13:14:27     9.00     15   -1
13:14:30     9.00     51   -1
13:14:33     9.01     13   -1
13:14:39     9.00    112   -1
13:14:45     9.00    257   -1
13:14:51     9.00    130   -1
13:14:54     9.01     19    1
13:15:00     9.01    176    1
13:15:06     9.00    292   -1
13:15:09     9.00     13   -1
13:15:15     9.01    615    1
13:15:21     9.01    149   -1
13:15:24     9.00   1107   -1
13:15:27     9.00    147   -1
13:15:30     9.00    245   -1
13:15:33     9.01    288   -1
13:15:36     9.01    143   -1
13:15:39     9.01     53   -1
13:15:42     9.01    141    1
13:15:45     9.00    104   -1
13:15:51     9.00    106   -1
13:15:54     9.00    354   -1
13:15:57     9.00     68   -1
13:16:00     9.01    263    1
13:16:06     9.01    213    1
13:16:12     9.00    499   -1
13:16:18     9.01    405    1
13:16:21     9.01    159   -1
13:16:27     9.00    239   -1
13:16:30     9.01    157    0
13:16:33     9.00    115   -1
13:16:36     9.00     56   -1
13:16:39     9.00     63   -1
13:16:42     9.00    148   -1
13:16:45     9.01     22    1
13:16:51     9.01   1120   -1
13:16:54     9.01     76   -1
13:17:00     9.01     33   -1
13:17:03     9.01     76   -1
13:17:06     9.02    251    1
13:17:12     9.00    257   -1
13:17:18     9.02    651    1
13:17:24     9.02    273   -1
13:17:27     9.02    242   -1
13:17:33     9.02    121   -1
13:17:39     9.01    323   -1
13:17:42     9.01     16   -1
13:17:45     9.02     93    1
13:17:48     9.02    142   -1
13:17:51     9.02     28   -1
13:17:54     9.02     92   -1
13:18:00     9.01    322   -1
13:18:03     9.02     77    0
13:18:06     9.02    213    1
13:18:09     9.01    155   -1
13:18:15     9.01    136   -1
13:18:21     9.01    185   -1
13:18:27     9.01      1   -1
13:18:33     9.01    241   -1
13:18:36     9.01    101   -1
13:18:42     9.01    505   -1
13:18:48     9.01    142   -1
13:18:54     9.01    185   -1
13:18:57     9.02     14   -1
13:19:00     9.02     80   -1
13:19:03     9.03     66    1
13:19:09     9.02    395   -1
13:19:12     9.02     33   -1
13:19:18     9.02    369   -1
13:19:24     9.02    100   -1
13:19:27     9.02     25   -1
13:19:30     9.02    456   -1
13:19:33     9.02     15   -1
13:19:36     9.02    109   -1
13:19:39     9.02    328   -1
13:19:45     9.02    556   -1
13:19:48     9.03     68    1
13:19:51     9.02     47   -1
13:19:54     9.02    205   -1
13:19:57     9.02    173   -1
13:20:00     9.03     51    1
13:20:03     9.03     55    1
13:20:06     9.02    137   -1
13:20:09     9.04    214    1
13:20:15     9.02    277   -1
13:20:18     9.02    138   -1
13:20:21     9.02    228   -1
13:20:24     9.03     69    1
13:20:27     9.02    101   -1
13:20:33     9.02    256   -1
13:20:36     9.04     18    1
13:20:39     9.03    160    0
13:20:42     9.02     20   -1
13:20:48     9.02     70   -1
13:20:54     9.04      3    1
13:20:57     9.04      1    1
13:21:00     9.04      0    1
13:21:09     9.04    364    1
13:21:18     9.04     60    1
13:21:24     9.04    170    1
13:21:27     9.04      6    1
13:21:33     9.04     18    1
13:21:39     9.04    167    1
13:21:45     9.04     62   -1
13:21:48     9.04     53   -1
13:21:51     9.04     52   -1
13:21:54     9.04     41   -1
13:22:00     9.05     10    1
13:22:03     9.05      8    1
13:22:06     9.05    214    1
13:22:09     9.03    162   -1
13:22:15     9.05     80    1
13:22:57     9.04    675   -1
13:23:03     9.04      6   -1
13:23:06     9.05    204    1
13:23:12     9.05     44    1
13:23:18     9.04    537   -1
13:23:24     9.04     77   -1
13:23:27     9.05     60    1
13:23:30     9.05     23    1
13:23:33     9.05     13    1
13:23:36     9.05    152    1
13:23:42     9.04     11   -1
13:23:48     9.04     64   -1
13:23:54     9.05     73    1
13:23:57     9.05    118    1
13:24:00     9.05      9    1
13:24:03     9.05    126    1
13:24:06     9.06    219    1
13:24:15     9.04     13   -1
13:24:21     9.06     94    1
13:24:27     9.05     72   -1
13:24:30     9.07    483    1
13:24:33     9.07      2    1
13:24:36     9.07    145    1
13:24:42     9.06     20   -1
13:24:48     9.07     96    1
13:24:54     9.06     42   -1
13:25:00     9.06    151   -1
13:25:03     9.06     20   -1
13:25:06     9.06    384   -1
13:25:09     9.07     31    1
13:25:15     9.07    248    1
13:25:21     9.06   1106   -1
13:25:27     9.06    184   -1
13:25:30     9.07    176    1
13:25:33     9.05    141   -1
13:25:36     9.07    165    1
13:25:42     9.05     80   -1
13:25:45     9.07     23    1
13:25:48     9.06    301   -1
13:25:51     9.06     24   -1
13:25:54     9.06     33   -1
13:25:57     9.07      4    1
13:26:03     9.07     42    1
13:26:06     9.07    219    1
13:26:09     9.06     24   -1
13:26:12     9.07     18    1
13:26:15     9.06     19   -1
13:26:21     9.06    509   -1
13:26:24     9.06     44   -1
13:26:27     9.06      3   -1
13:26:30     9.06   1026   -1
13:26:33     9.05      2   -1
13:26:39     9.05     17   -1
13:27:15     9.06    322    1
13:27:18     9.06      6    1
13:27:24     9.05     97   -1
13:27:27     9.05     51   -1
13:27:30     9.06     15    1
13:27:33     9.06     49    1
13:27:39     9.06    124    1
13:27:45     9.05    308   -1
13:27:48     9.06    974    1
13:27:51     9.05     56   -1
13:27:54     9.05     52   -1
13:27:57     9.05    244   -1
13:28:00     9.05     69   -1
13:28:06     9.05    352   -1
13:28:12     9.05      7    1
13:28:15     9.05      2    1
13:28:18     9.04      4   -1
13:28:24     9.05     57    1
13:28:30     9.05      2    1
13:28:36     9.04    262   -1
13:28:39     9.04    141   -1
13:28:42     9.05     25    1
13:28:45     9.05      3    1
13:28:51     9.04    154   -1
13:28:54     9.05     19    1
13:29:00     9.04    154   -1
13:29:03     9.05     46    1
13:29:06     9.04     71   -1
13:29:12     9.05     14    1
13:29:15     9.05     15    1
13:29:21     9.04     48   -1
13:29:27     9.05    102    1
13:29:33     9.04     54   -1
13:29:36     9.04     34   -1
13:29:39     9.04   1119   -1
13:29:42     9.05     75    1
13:29:45     9.04     57   -1
13:29:48     9.04     19   -1
13:29:51     9.05    379    1
13:29:54     9.05     30    1
13:29:57     9.04      2   -1
13:30:03     9.05    603    1
13:30:09     9.05     67    1
13:30:12     9.05     17    1
13:30:18     9.05     11    1
13:30:24     9.05    602    1
13:30:27     9.05     56   -1
13:30:30     9.05    148    1
13:30:36     9.04     68   -1
13:30:39     9.05    242    1
13:30:42     9.05     24   -1
13:30:45     9.05     96   -1
13:30:48     9.05    125   -1
13:30:51     9.05      6   -1
13:30:57     9.05    265   -1
13:31:00     9.05     26   -1
13:31:06     9.04    197   -1
13:31:15     9.05     20    1
13:31:18     9.05      9    1
13:31:21     9.04     51   -1
13:31:27     9.05    107    1
13:31:30     9.05    118    1
13:31:33     9.04      7   -1
13:31:39     9.05    112    1
13:31:42     9.04      3   -1
13:31:45     9.04     28   -1
13:31:48     9.04     53   -1
13:31:51     9.05      5    1
13:31:54     9.05     10    1
13:32:00     9.05     25    1
13:32:03     9.04      5   -1
13:32:06     9.05    464    1
13:32:09     9.05      4    1
13:32:51     9.04   1294   -1
13:32:57     9.04    145    1
13:33:00     9.04   1209    1
13:33:03     9.03      5   -1
13:33:06     9.03    109   -1
13:33:09     9.03     50   -1
13:33:12     9.04      4    1
13:33:19     9.03    115   -1
13:33:25     9.03    680   -1
13:33:28     9.04      5    1
13:33:31     9.04      8    1
13:33:34     9.03      5   -1
13:33:37     9.03   1700   -1
13:33:40     9.03     21    1
13:33:46     9.03    250    1
13:33:49     9.02     84   -1
13:33:52     9.02     26   -1
13:33:58     9.02     14   -1
13:34:01     9.03      5    1
13:34:07     9.03    133    1
13:34:10     9.03    173    1
13:34:13     9.03      8   -1
13:34:16     9.04     10    1
13:34:22     9.03     56   -1
13:34:25     9.04      7    1
13:34:28     9.03     26   -1
13:34:31     9.03     31   -1
13:34:37     9.03     29   -1
13:35:25     9.02   4975   -1
13:35:28     9.01    514   -1
13:35:31     9.01    460   -1
13:35:37     9.01    270   -1
13:35:40     9.02     53    1
13:35:43     9.01    182   -1
13:35:49     9.00   8320   -1
13:35:52     9.00   3324   -1
13:35:58     9.00    395   -1
13:36:01     9.00    422    1
13:36:04     9.00    497    1
13:36:07     8.99     51   -1
13:36:10     9.00    315    1
13:36:13     9.00     37    1
13:36:16     8.99    380   -1
13:36:19     9.00     64    1
13:36:22     9.00     63    1
13:36:28     9.00   1153    1
13:36:31     8.99    222   -1
13:36:34     9.00    255    1
13:36:37     8.98     43   -1
13:36:43     8.98    576   -1
13:36:46     8.99     95    1
13:36:52     8.98   1526   -1
13:36:55     8.99    417    1
13:36:58     9.00     80    1
13:37:01     8.99     97   -1
13:37:04     9.00     94    1
13:37:07     8.98     61   -1
13:37:10     8.99    168    0
13:37:13     8.99     69   -1
13:37:16     8.98    450   -1
13:37:19     8.99    500    1
13:37:22     8.99     42    1
13:37:25     8.99    289    1
13:37:31     8.98     89   -1
13:37:34     8.99   2386    1
13:37:37     8.99     48    1
13:37:40     8.99    320    1
13:38:25     8.98   1946   -1
13:38:28     8.99     41    1
13:38:31     8.99      9   -1
13:38:34     8.98    141   -1
13:38:37     8.99     35    0
13:38:40     8.99    149   -1
13:38:43     8.99     10   -1
13:38:49     8.99      6   -1
13:38:52     8.99    281   -1
13:38:58     8.99      5   -1
13:39:01     8.99     18   -1
13:39:04     9.00    100    1
13:39:10     8.99     98   -1
13:39:16     8.99     69   -1
13:39:22     9.00     45    1
13:39:25     8.99    147   -1
13:39:28     8.99     97   -1
13:39:31     9.00    241    1
13:39:34     8.99     58   -1
13:39:37     9.00     75    1
13:39:40     9.00      3    1
13:39:43     9.00     40    1
13:39:49     8.99    187   -1
13:39:52     9.00      5    1
13:39:55     9.00      6    1
13:39:58     8.99     12   -1
13:40:01     9.00     26    1
13:40:04     9.00   1609    1
13:40:07     9.00     75    1
13:40:10     9.00    225    1
13:40:13     9.00      2    1
13:40:16     8.99     21   -1
13:40:19     9.00     26    1
13:40:22     9.01   2118    1
13:40:25     9.00     61   -1
13:40:28     9.00    369   -1
13:40:31     9.00      6   -1
13:40:34     9.00      5   -1
13:40:37     9.01     21    1
13:40:40     9.00     84   -1
13:40:43     9.00     63   -1
13:40:46     9.01     51    0
13:40:55     9.00     21   -1
13:40:58     9.01    105    1
13:41:01     9.01      2    1
13:41:07     9.01     85    1
13:41:10     9.01     98    1
13:41:13     9.00     39   -1
13:41:16     9.00    190   -1
13:41:19     9.00     44   -1
13:41:22     9.00     42   -1
13:41:25     9.01     74    1
13:41:28     9.00      2   -1
13:41:31     9.01    108    1
13:41:34     9.01      7    1
13:41:37     9.00      5   -1
13:41:43     9.01    167    1
13:41:46     9.01      6    1
13:41:49     9.00     57   -1
13:41:52     9.00    109   -1
13:41:55     9.00     38   -1
13:41:58     9.01     15    1
13:42:01     9.00    145   -1
13:42:04     9.01      2    1
13:42:07     9.01     74    1
13:42:10     9.00     13   -1
13:42:13     9.00     66   -1
13:42:49     9.00   1741   -1
13:42:52     9.01     66    1
13:42:55     9.01    445   -1
13:42:58     9.01    280   -1
13:43:01     9.01   1110   -1
13:43:07     9.02     67    1
13:43:13     9.02    146    1
13:43:16     9.01     13   -1
13:43:19     9.01     30   -1
13:43:22     9.02    214    1
13:43:25     9.02     47    1
13:43:28     9.01   1385   -1
13:43:31     9.01     15    1
13:43:34     9.01    100    1
13:43:37     9.00    826   -1
13:43:40     9.00      2    1
13:43:43     9.00     25    1
13:43:46     9.00      1    1
13:43:49     9.00    224    1
13:43:55     8.99    361   -1
13:43:58     8.99    668   -1
13:44:01     9.00    141    1
13:44:04     8.99    627   -1
13:44:07     9.00    518    1
13:44:10     9.00    219    1
13:44:13     8.98    536   -1
13:44:16     8.99    345    1
13:44:19     8.98   2739   -1
13:44:25     8.97   1491   -1
13:44:31     8.97    798   -1
13:44:34     8.97    831   -1
13:44:37     8.98     66    1
13:44:40     8.98    422    1
13:44:46     8.97   3253   -1
13:44:49     8.97    417    1
13:44:52     8.96    160   -1
13:44:55     8.97    416    1
13:45:01     8.96   7178   -1
13:45:04     8.96   1244   -1
13:45:07     8.96   9007    1
13:45:10     8.95   7227   -1
13:45:13     8.95     95    1
13:45:16     8.95     29    1
13:45:19     8.95    491    1
13:45:22     8.96     32    1
13:45:25     8.95   1052    0
13:45:28     8.94   3304   -1
13:45:31     8.94    420    1
13:45:34     8.94     87    1
13:45:37     8.94     86    1
13:45:40     8.94     90    1
13:45:43     8.94    249    1
13:45:46     8.93     56   -1
13:45:49     8.94   1952    1
13:45:52     8.94     97    1
13:45:55     8.94    821    1
13:45:58     8.94     16   -1
13:46:04     8.94     10   -1
13:46:07     8.95    103    1
13:46:10     8.95    110    1
13:46:13     8.95    148    1
13:46:16     8.95     49   -1
13:46:19     8.97     26    1
13:46:22     8.95     72   -1
13:46:25     8.95      1   -1
13:46:28     8.97     24    1
13:46:31     8.97      1    1
13:46:34     8.96      8   -1
13:46:37     8.96      5   -1
13:46:40     8.97      5    1
13:46:43     8.96     49   -1
13:46:46     8.96     16   -1
13:46:49     8.97    171    1
13:46:52     8.96    473   -1
13:46:55     8.96    210    1
13:46:58     8.96    124    1
13:47:37     8.96   2800    1
13:47:40     8.95   3293   -1
13:47:43     8.95   1155    1
13:47:46     8.95     84    1
13:47:49     8.95     92    1
13:47:52     8.95    224    1
13:47:55     8.95    301    1
13:47:58     8.95    172    1
13:48:01     8.95    214    1
13:48:04     8.95    126    1
13:48:07     8.95    225    1
13:48:13     8.95    104    1
13:48:16     8.95     97    1
13:48:19     8.95     60    1
13:48:22     8.95    134    1
13:48:28     8.95    285    1
13:48:31     8.95    214    1
13:48:34     8.95    497    1
13:48:37     8.95    327    1
13:48:43     8.95    405    1
13:48:46     8.95    505    1
13:48:49     8.94     83   -1
13:48:52     8.95    212    1
13:48:55     8.95    108    1
13:48:58     8.95     55    1
13:49:01     8.95    755    1
13:49:04     8.95   1378    1
13:49:07     8.95     67   -1
13:49:16     8.96      5    1
13:49:22     8.96     54    1
13:49:25     8.96     60    1
13:49:31     8.96     51    1
13:49:34     8.95     85   -1
13:49:37     8.96      3    1
13:49:43     8.96    260    1
13:49:46     8.96     55   -1
13:49:58     8.97     36    1
13:50:01     8.96     17   -1
13:50:07     8.97    175    1
13:50:10     8.97   3687    1
13:50:16     8.97    257    1
13:50:19     8.97    195    1
13:50:25     8.97     76    1
13:50:28     8.97     84    1
13:50:34     8.96    553   -1
13:50:37     8.97    362    1
13:50:49     8.98    105    1
13:50:52     8.98      2    1
13:50:55     8.98     13    1
13:50:58     8.98     25    1
13:51:01     8.98      4    1
13:51:04     8.97     51   -1
13:51:07     8.99     62    1
13:51:22     8.98     72   -1
13:51:25     8.99    103    1
13:51:31     8.99      1    1
13:51:34     8.99     25    1
13:51:37     8.99     14    1
13:51:40     8.98    825   -1
13:51:43     8.98    156   -1
13:51:49     8.99    292    1
13:51:55     8.99     20    1
13:52:31     8.98    453   -1
13:52:34     8.98    105   -1
13:52:37     8.99     55    1
13:52:40     8.98      4   -1
13:52:43     8.98     53   -1
13:52:46     8.99     10    1
13:52:49     8.99     37    1
13:52:52     8.99    110    1
13:52:55     8.99     16    1
13:52:58     8.99     35    1
13:53:01     8.99      1    1
13:53:04     8.98     82   -1
13:53:07     8.99     18    1
13:53:10     8.98    162   -1
13:53:13     8.99     50    1
13:53:16     8.98    162   -1
13:53:19     8.99     57    1
13:53:22     8.98    140   -1
13:53:25     8.98      4   -1
13:53:31     8.99     43    1
13:53:34     8.98    118   -1
13:53:37     8.99      6    1
13:53:40     8.99     22    1
13:53:43     9.00     50    1
13:53:46     8.99     70   -1
13:53:52     8.99      2   -1
13:53:55     8.99      3   -1
13:53:58     9.00    949    1
13:54:04     8.99    467   -1
13:54:07     9.00    194    1
13:54:10     8.99    734   -1
13:54:13     9.00    554    1
13:54:16     9.00     20    1
13:54:19     9.00    116    1
13:54:22     9.00     94    1
13:54:28     9.00     41    1
13:54:31     9.00     13    1
13:54:34     9.00     20    1
13:54:37     9.00      1    1
13:54:40     9.01    580    1
13:54:46     9.01      0    1
13:54:55     9.01    118    1
13:54:58     9.00    251   -1
13:55:01     9.00    486    1
13:55:04     9.00    717   -1
13:55:07     9.03    708    1
13:55:10     9.04    649    1
13:55:13     9.05    373    1
13:55:16     9.05     42    1
13:55:22     9.05    114    1
13:55:25     9.05    294    1
13:55:28     9.04     16    0
13:55:31     9.05    102    1
13:55:37     9.05     67    1
13:55:40     9.05    461    1
13:55:43     9.05      2    1
13:55:49     9.04     97   -1
13:55:55     9.04    124   -1
13:56:01     9.05    298    1
13:56:07     9.04    147   -1
13:56:10     9.05    576    1
13:56:13     9.05     14    1
13:56:16     9.05     33    1
13:56:19     9.05     10    1
13:56:22     9.05     75    1
13:56:28     9.05    867    1
13:57:10     9.04   2283   -1
13:57:13     9.04      5   -1
13:57:19     9.05      1    1
13:57:22     9.04     53   -1
13:57:25     9.04     58   -1
13:57:28     9.04    420   -1
13:57:31     9.04    309   -1
13:57:34     9.05    167    1
13:57:37     9.03    141   -1
13:57:40     9.03     95   -1
13:57:43     9.04    437    1
13:57:46     9.03     95   -1
13:57:49     9.03   1604   -1
13:57:52     9.04    246    0
13:57:55     9.03    113   -1
13:57:58     9.03      5   -1
13:58:01     9.04    175    1
13:58:04     9.03    106   -1
13:58:07     9.03     87   -1
13:58:10     9.04     42    1
13:58:13     9.03     52   -1
13:58:16     9.03     69   -1
13:58:19     9.03   1205   -1
13:58:22     9.03     84   -1
13:58:25     9.04     68    1
13:58:28     9.03    249   -1
13:58:34     9.03    183   -1
13:58:37     9.04     41    1
13:58:40     9.03     63   -1
13:58:43     9.04    125    1
13:58:46     9.03     12   -1
13:58:49     9.04     20    1
13:58:52     9.03    260   -1
13:58:55     9.04    169    1
13:58:58     9.03     99   -1
13:59:01     9.04     52    1
13:59:04     9.03     54   -1
13:59:07     9.03    288   -1
13:59:10     9.03     84   -1
13:59:13     9.03    158   -1
13:59:16     9.04    108    1
13:59:19     9.04    109    1
13:59:22     9.04    179    1
14:00:11     9.02   3527   -1
14:00:14     9.02    187   -1
14:00:17     9.02     52   -1
14:00:20     9.03     89    1
14:00:23     9.02    163   -1
14:00:26     9.02     38   -1
14:00:29     9.02    138   -1
14:00:32     9.02    172   -1
14:00:35     9.02    252   -1
14:00:38     9.02     61   -1
14:00:41     9.02     17   -1
14:00:44     9.02    115   -1
14:00:53     9.01   1110   -1
14:00:56     9.01     15   -1
14:00:59     9.02     46    1
14:01:02     9.01     14   -1
14:01:05     9.01    607   -1
14:01:08     9.01    289   -1
14:01:11     9.01     18   -1
14:01:14     9.01     43   -1
14:01:17     9.02     32    1
14:01:20     9.01     83   -1
14:01:23     9.01    104   -1
14:01:26     9.01     65   -1
14:01:29     9.01    986   -1
14:01:32     9.01     32   -1
14:01:35     9.00    112   -1
14:01:38     9.00     58   -1
14:01:41     9.01    159    1
14:01:44     9.00     63   -1
14:01:47     9.00    248   -1
14:01:50     9.00   1537   -1
14:01:53     9.00     48   -1
14:01:56     9.00     16   -1
14:01:59     9.02    176    1
14:02:02     9.01     63    0
14:02:05     9.02    252    1
14:02:53     9.01   2508    0
14:02:56     9.01      7   -1
14:02:59     9.01      6   -1
14:03:02     9.01     56   -1
14:03:05     9.01      7   -1
14:03:08     9.01     92   -1
14:03:11     9.01    157   -1
14:03:14     9.00    186   -1
14:03:17     9.00     14   -1
14:03:20     9.00     51   -1
14:03:23     9.00    120   -1
14:03:26     9.00      8   -1
14:03:29     9.00    210   -1
14:03:32     9.00     78   -1
14:03:35     9.00     42   -1
14:03:38     9.00    202   -1
14:03:41     9.00    256   -1
14:03:44     9.00    926   -1
14:03:47     9.00    118    1
14:03:50     9.00     40    1
14:03:53     9.00    129    1
14:03:56     9.00     48    1
14:03:59     9.00     88    1
14:04:02     8.99    719   -1
14:04:08     9.00     85    1
14:04:11     8.99     47   -1
14:04:14     9.00     51    1
14:04:17     9.00     29    1
14:04:23     9.00    136    1
14:04:26     9.00     18    1
14:04:29     9.00     18    1
14:04:35     8.99     16   -1
14:04:38     9.00     27    1
14:04:41     9.00    352    1
14:04:44     9.00    405    1
14:04:47     9.00    129    1
14:04:50     8.99     19   -1
14:04:53     9.00     85    1
14:04:56     9.00     25    1
14:05:05     8.99    262   -1
14:05:08     9.00    541    1
14:05:11     9.00    143    1
14:05:17     9.00     55    1
14:05:20     9.00     17    1
14:05:23     9.00      2    1
14:05:26     9.00     68    1
14:05:29     9.00     11    1
14:05:32     9.00     28    1
14:05:35     9.00      4    1
14:05:38     8.99    101   -1
14:05:41     9.00    101    1
14:05:47     9.00    646    1
14:05:50     9.00     11    1
14:05:56     8.99    162   -1
14:05:59     9.00     20    1
14:06:02     9.00     23    1
14:06:05     9.00    181    1
14:06:08     9.00     21    1
14:06:11     8.99      1   -1
14:06:17     8.99    727   -1
14:06:20     9.00     19    1
14:06:23     9.00     60    1
14:06:26     8.99      6   -1
14:06:29     9.00     55    1
14:06:32     8.99    295   -1
14:06:35     8.99    530   -1
14:06:38     8.99    158   -1
14:06:41     9.00    130    1
14:06:44     8.99     81   -1
14:06:47     9.00     36    1
14:06:50     9.00      3    1
14:06:53     9.00     51    1
14:06:56     9.00    138    1
14:06:59     9.00      5    1
14:07:02     9.00     25    1
14:07:05     9.00     20    1
14:07:08     8.99     69   -1
14:08:05     9.00   1437    1
14:08:08     9.00     26    1
14:08:11     9.00    214    1
14:08:14     9.00     50    1
14:08:17     9.00      4    1
14:08:20     9.00     62    1
14:08:23     8.99      9   -1
14:08:26     9.00     78    1
14:08:29     8.99     42   -1
14:08:32     9.01    248    1
14:08:35     9.00     12   -1
14:08:38     9.00    141   -1
14:08:41     9.00     65   -1
14:08:44     9.00     74   -1
14:08:47     9.00    175   -1
14:08:50     9.02     20    1
14:08:53     9.00     40   -1
14:08:56     9.00     45   -1
14:08:59     9.00    174   -1
14:09:02     9.01     53    0
14:09:05     9.02    153    1
14:09:08     9.00    195   -1
14:09:11     9.00    157   -1
14:09:14     9.00     94   -1
14:09:17     9.00     94   -1
14:09:20     9.00     16   -1
14:09:23     9.01     69    0
14:09:26     9.00    234   -1
14:09:29     9.01    172    0
14:09:32     9.01      6   -1
14:09:35     9.01    132   -1
14:09:38     9.01     29   -1
14:09:41     9.01     89   -1
14:09:44     9.01     62   -1
14:09:47     9.00     56   -1
14:09:50     9.00    114   -1
14:09:53     9.02     71    1
14:10:02     9.01    357   -1
14:10:05     9.01    137   -1
14:10:08     9.01    249   -1
14:10:11     9.01     15   -1
14:10:14     9.01    637   -1
14:10:17     9.02    201    1
14:10:20     9.00    153   -1
14:10:23     9.00    142   -1
14:10:26     9.01     56    1
14:10:29     9.00     25   -1
14:10:32     9.00    146   -1
14:10:35     9.01    176    1
14:10:38     9.01     13   -1
14:10:41     9.02     98    1
14:10:44     9.00     83   -1
14:10:47     9.01     35    0
14:10:50     9.01    128   -1
14:10:53     9.01    201   -1
14:10:56     9.02     17    1
14:10:59     9.02    100    1
14:11:02     9.01    268   -1
14:11:05     9.02    529    1
14:11:08     9.02     22   -1
14:11:11     9.00     28   -1
14:11:17     9.00    152   -1
14:11:20     9.01     27    1
14:11:23     9.01    105   -1
14:11:26     9.01      3   -1
14:11:35     9.01      8   -1
14:11:38     9.02      2    1
14:11:41     9.01     85   -1
14:11:44     9.01     90   -1
14:11:47     9.01     89    1
14:11:50     9.02     30    1
14:11:53     9.01     24   -1
14:11:59     9.00     21   -1
14:12:05     9.00     87   -1
14:12:08     9.01    201    1
14:12:11     9.02     92    1
14:12:56     9.01    539    0
14:12:59     9.01    224   -1
14:13:02     9.02     13    1
14:13:05     9.01    339   -1
14:13:08     9.02     20    1
14:13:11     9.02     13    1
14:13:14     9.01    276   -1
14:13:17     9.01     20   -1
14:13:20     9.01    200   -1
14:13:23     9.01      7   -1
14:13:29     9.02      5    1
14:13:32     9.01     46   -1
14:13:35     9.02    202    1
14:13:38     9.01     20   -1
14:13:41     9.01      2   -1
14:13:44     9.01     30   -1
14:13:47     9.01      6   -1
14:13:50     9.01     56   -1
14:13:53     9.02     14    1
14:13:56     9.01     69   -1
14:13:59     9.02     34    1
14:14:02     9.01      4   -1
14:14:05     9.02    124    1
14:14:08     9.01     67   -1
14:14:11     9.01      2   -1
14:14:14     9.01     17   -1
14:14:17     9.01     78   -1
14:14:20     9.02     36    1
14:14:23     9.02     18    1
14:14:26     9.01     20   -1
14:14:29     9.02    100    1
14:14:32     9.02      5    1
14:14:35     9.02    240    1
14:14:38     9.01     25   -1
14:14:44     9.01      3   -1
14:14:47     9.02    208    1
14:14:50     9.01    207   -1
14:14:53     9.01    128   -1
14:14:56     9.00   1276   -1
14:14:59     9.01    958   -1
14:15:02     9.00    285   -1
14:15:05     9.02     91    1
14:15:08     9.01    180   -1
14:15:11     9.00    293   -1
14:15:14     9.01    384    1
14:15:17     9.01      9    1
14:15:20     9.00     20   -1
14:15:23     9.01      1    1
14:15:26     9.01      2    1
14:15:32     9.00    123   -1
14:15:38     9.00      8   -1
14:15:41     9.01    196    1
14:15:47     9.00    616   -1
14:15:50     9.00   1575   -1
14:15:53     9.00    191   -1
14:15:56     9.00     59   -1
14:15:59     9.00   1282   -1
14:16:02     9.00     10    1
14:16:05     9.00    191    1
14:16:08     9.00    703    1
14:16:14     9.00     24    1
14:16:17     9.00    100    1
14:16:20     9.00     10    1
14:16:23     9.00      5    1
14:16:26     8.99     83   -1
14:16:29     9.00     12    1
14:16:32     9.00    422    1
14:16:35     8.99      5   -1
14:16:38     9.00    300    1
14:16:41     9.00     32    1
14:16:44     9.00    200    1
14:16:47     9.00     85    1
14:16:53     9.00     23    1
14:16:56     8.99     57   -1
14:16:59     9.00    138    1
14:17:02     9.00      5    1
14:17:05     9.00    263    1
14:17:08     8.99    399   -1
14:17:11     9.00     15    1
14:17:14     9.00    135    1
14:17:17     9.00    829    1
14:17:29     9.01     12    1
14:17:38     9.00     58   -1
14:17:41     9.01      5    1
14:17:50     9.01      1    1
14:17:53     9.01     10    1
14:17:59     9.01     16    1
14:18:02     9.01     54    1
14:18:05     9.00     20   -1
14:18:08     9.01    191    0
14:18:17     9.01     27   -1
14:18:26     9.02     69    1
14:18:29     9.01     74   -1
14:18:32     9.01     59   -1
14:18:35     9.01     85   -1
14:18:38     9.01     18   -1
14:18:41     9.01     26   -1
14:18:44     9.02      3    1
14:18:47     9.02      7    1
14:18:53     9.02     46    1
14:18:59     9.01      2   -1
14:19:02     9.02    200    1
14:19:05     9.01     28   -1
14:19:08     9.02    474    1
14:19:17     9.02     10   -1
14:19:20     9.03     12    1
14:19:26     9.03      5    1
14:19:29     9.03     15    1
14:19:35     9.02     36   -1
14:19:38     9.03     18    1
14:19:41     9.03     33    1
14:19:44     9.03    119    1
14:19:47     9.02     30   -1
14:19:50     9.03     64    1
14:19:53     9.03     23    1
14:19:56     9.03      5    1
14:19:59     9.02      1   -1
14:20:05     9.02     15   -1
14:20:08     9.03     83    1
14:20:17     9.02     10   -1
14:20:20     9.03     70    1
14:20:23     9.03    200    1
14:20:26     9.03    334    1
14:20:29     9.02    251   -1
14:20:35     9.02    365   -1
14:20:38     9.02      1   -1
14:20:41     9.02     64   -1
14:20:44     9.02      3   -1
14:20:47     9.03    104    1
14:20:50     9.03    161    1
14:20:53     9.03     64    1
14:20:56     9.02     27   -1
14:20:59     9.02     98   -1
14:21:02     9.03    108    1
14:21:05     9.02     12   -1
14:21:08     9.03     79    1
14:21:11     9.03     12    1
14:21:14     9.02     48   -1
14:21:17     9.03     78    1
14:21:20     9.03    356    1
14:21:23     9.03     39    1
14:21:29     9.02     35   -1
14:21:32     9.02     50   -1
14:21:35     9.02    219   -1
14:21:38     9.02     13   -1
14:21:44     9.03    530    1
14:21:47     9.02      9   -1
14:21:50     9.03     22    1
14:21:53     9.03    105    1
14:21:56     9.03     11    1
14:22:02     9.03     13    1
14:22:47     9.02   2002   -1
14:22:50     9.03    382    1
14:22:53     9.02    832   -1
14:22:56     9.02     48    1
14:22:59     9.01     38   -1
14:23:02     9.01     64   -1
14:23:05     9.02     79    1
14:23:08     9.02     15    1
14:23:11     9.02     12    1
14:23:14     9.01     38   -1
14:23:20     9.02    171    1
14:23:23     9.02    126    1
14:23:32     9.02    477    1
14:23:35     9.02    116    1
14:23:38     9.02     10    1
14:23:41     9.01    157   -1
14:23:44     9.02     77    1
14:23:50     9.02    176    1
14:23:53     9.02     18    1
14:23:56     9.01     74   -1
14:23:59     9.01    100   -1
14:24:02     9.01     62   -1
14:24:05     9.02    167    1
14:24:08     9.02    200    1
14:24:11     9.01     30   -1
14:24:17     9.02    720    1
14:24:20     9.01    315   -1
14:24:23     9.01     18   -1
14:24:26     9.01     62   -1
14:24:29     9.02    200    1
14:24:32     9.01     23   -1
14:24:35     9.02     59    1
14:24:38     9.02    105    1
14:24:41     9.01     30   -1
14:24:44     9.02     21    1
14:24:47     9.02     35    1
14:24:50     9.01     34   -1
14:24:53     9.02    120    1
14:24:56     9.02     96    1
14:25:02     9.02    195    1
14:25:05     9.02     70    1
14:25:08     9.01    116   -1
14:25:11     9.01    130   -1
14:25:14     9.01     31   -1
14:25:17     9.01     53   -1
14:25:20     9.01    115   -1
14:25:23     9.01    119   -1
14:25:26     9.02    137    1
14:25:29     9.01     50   -1
14:25:32     9.01     43   -1
14:25:35     9.01     64   -1
14:25:38     9.01     11   -1
14:25:41     9.01     39   -1
14:25:44     9.02     84    1
14:25:50     9.01     40   -1
14:25:56     9.01     37   -1
14:25:59     9.01     40   -1
14:26:02     9.01    195   -1
14:26:05     9.01    194   -1
14:26:11     9.01     56   -1
14:26:14     9.01    625   -1
14:26:17     9.01     16   -1
14:26:23     9.01    522   -1
14:26:26     9.01     10   -1
14:26:33     9.01    276   -1
14:26:42     9.01     20    1
14:26:45     9.01    245    1
14:26:48     9.01    163    1
14:26:51     9.01     84    1
14:26:57     9.00    126   -1
14:27:00     9.01    142    1
14:27:03     9.00     83   -1
14:27:06     9.01     68    1
14:27:12     9.01     23    1
14:27:54     9.01    877    1
14:28:00     9.02     92    1
14:28:03     9.01    202   -1
14:28:09     9.00    419   -1
14:28:18     9.00    104   -1
14:28:24     9.00    125   -1
14:28:30     9.02    312    1
14:28:36     9.01     11   -1
14:28:39     9.01    234   -1
14:28:42     9.02    200    1
14:28:48     9.01     94   -1
14:28:57     9.01     60   -1
14:29:03     9.01      6   -1
14:29:06     9.01     67   -1
14:29:12     9.02    282    1
14:29:18     9.02    207    1
14:29:24     9.02    115    1
14:29:30     9.02    530    1
14:29:33     9.01     24   -1
14:29:36     9.02     20    1
14:29:39     9.02    241    1
14:29:45     9.01    291   -1
14:29:48     9.02     10    1
14:29:54     9.02     87    1
14:29:57     9.02     15    1
14:30:00     9.01      9   -1
14:30:06     9.02    942    1
14:30:09     9.02      1   -1
14:30:15     9.03     13    1
14:30:18     9.02      2   -1
14:30:24     9.03     39    1
14:30:27     9.02    115   -1
14:30:30     9.02    338   -1
14:30:33     9.02    124   -1
14:30:39     9.02     50   -1
14:30:45     9.03     43    1
14:30:51     9.03    351    1
14:30:57     9.03    129    1
14:31:06     9.03    371    1
14:31:09     9.03     41    1
14:31:12     9.03     38    1
14:31:15     9.03     57   -1
14:31:21     9.02    139   -1
14:31:24     9.03      2    1
14:31:30     9.03     21    1
14:31:37     9.03     15    1
14:31:40     9.02     13   -1
14:31:46     9.02    532   -1
14:31:52     9.03     31    1
14:31:58     9.02     23   -1
14:32:01     9.02     72   -1
14:32:07     9.02    495   -1
14:32:58     9.04   1181    1
14:33:07     9.04     80    1
14:33:13     9.04     20    1
14:33:19     9.04     88    1
14:33:25     9.04    275    1
14:33:28     9.04    540    1
14:33:31     9.04     21   -1
14:33:34     9.04     21   -1
14:33:43     9.04     15   -1
14:33:46     9.04     10   -1
14:33:52     9.05    643    1
14:33:55     9.04      1   -1
14:34:04     9.05    413    1
14:34:10     9.05    124    1
14:34:13     9.05     50   -1
14:34:19     9.06     95    1
14:34:25     9.06     22    1
14:34:34     9.06    540    1
14:34:40     9.06    132    1
14:34:43     9.06      4    1
14:34:46     9.06    324    1
14:34:49     9.06    107   -1
14:35:34     9.08    747    1
14:35:37     9.07      5   -1
14:35:43     9.07     10   -1
14:35:49     9.07    350   -1
14:35:52     9.08    151    1
14:36:01     9.08    253    1
14:36:10     9.08    631    1
14:36:16     9.08    512    1
14:36:22     9.08    457    1
14:36:25     9.08      1   -1
14:36:31     9.09     92    1
14:36:34     9.08     25   -1
14:36:40     9.09     60    1
14:36:43     9.09   1000    1
14:36:46     9.09    625   -1
14:36:52     9.09     35   -1
14:36:58     9.09     33   -1
14:37:01     9.09     13   -1
14:37:04     9.09     13   -1
14:37:10     9.09    251   -1
14:37:13     9.09    160   -1
14:37:16     9.10    122    1
14:37:19     9.10      2    1
14:37:25     9.10    805    1
14:37:28     9.09     52   -1
14:37:34     9.11    767    1
14:37:40     9.11    178    1
14:37:43     9.11      4    1
14:37:46     9.11      6    1
14:37:49     9.10    208   -1
14:37:52     9.10     96    1
14:37:58     9.10     46    1
14:38:01     9.10     23    1
14:38:07     9.10    178    1
14:38:10     9.10     13    1
14:38:13     9.10     13    1
14:38:19     9.10    539    1
14:38:22     9.10    646    1
14:38:25     9.10     73    1
14:38:28     9.10    105    1
14:38:31     9.10    149    1
14:38:34     9.10     25    1
14:38:37     9.10    430    1
14:38:40     9.10    130   -1
14:38:46     9.10    121   -1
14:38:49     9.10    137   -1
14:38:52     9.10     63    1
14:38:55     9.10     30    1
14:38:58     9.10     93    1
14:39:43     9.10   3089    1
14:39:46     9.10     86   -1
14:39:52     9.10     34   -1
14:39:58     9.10     53   -1
14:40:01     9.10     31   -1
14:40:07     9.10    950   -1
14:40:13     9.10    641   -1
14:40:16     9.10     18   -1
14:40:19     9.11     18    1
14:40:22     9.10    498   -1
14:40:25     9.11     14    1
14:40:28     9.10     10   -1
14:40:31     9.10      4   -1
14:40:37     9.11    808    1
14:40:40     9.10     60   -1
14:40:43     9.10     70   -1
14:40:46     9.11     44    1
14:40:49     9.10    141   -1
14:40:52     9.11   1153    1
14:40:55     9.10     33   -1
14:41:01     9.10    656   -1
14:41:07     9.11    327    1
14:41:13     9.11    210    1
14:41:16     9.11     48    1
14:41:22     9.05   8679   -1
14:41:25     9.05     93    1
14:41:31     9.05   1234    1
14:41:34     9.06      5    1
14:41:37     9.05    342   -1
14:41:43     9.05   2955   -1
14:41:46     9.05    199    1
14:41:49     9.05    179    1
14:41:52     9.05     73    1
14:42:40     9.05   5992    1
14:42:43     9.04    244   -1
14:42:49     9.05   1073    1
14:42:52     9.05    103    1
14:42:55     9.05     71    1
14:42:58     9.07     30    1
14:43:04     9.07      0    1
14:43:07     9.07    224    1
14:43:10     9.05      5   -1
14:43:16     9.06     31    0
14:43:22     9.06     11    1
14:43:25     9.06      5    1
14:43:28     9.07    205    1
14:43:37     9.06    587   -1
14:43:40     9.06     10    1
14:43:43     9.05    448   -1
14:43:46     9.06     27    1
14:43:52     9.05    120   -1
14:43:55     9.05    200   -1
14:44:01     9.07     91    1
14:44:07     9.05    162   -1
14:44:13     9.06    291    1
14:44:16     9.06    135   -1
14:44:19     9.06     20   -1
14:44:22     9.06     80   -1
14:44:28     9.06    194   -1
14:44:31     9.06     67   -1
14:44:34     9.06     43   -1
14:44:37     9.07    427    1
14:44:43     9.07     97   -1
14:44:49     9.07    154   -1
14:44:52     9.07     71   -1
14:44:55     9.08     38    1
14:44:58     9.08     14    1
14:45:04     9.08    372    1
14:45:07     9.08      7    1
14:45:13     9.08     72    1
14:45:19     9.09    508    1
14:45:25     9.08     34   -1
14:45:31     9.08     30   -1
14:45:34     9.09    157    1
14:45:37     9.08      5   -1
14:45:40     9.09      1    1
14:45:43     9.09   1130    1
14:45:46     9.09    640    1
14:45:49     9.09    564   -1
14:45:52     9.10    159    1
14:45:55     9.09     10   -1
14:45:58     9.09     10   -1
14:46:01     9.09    133   -1
14:46:04     9.10    266    1
14:46:10     9.10   1925    1
14:46:13     9.10      2   -1
14:46:16     9.10     69   -1
14:46:19     9.10      5   -1
14:46:25     9.10     19   -1
14:46:31     9.10     41   -1
14:46:34     9.10     20   -1
14:46:37     9.10     85   -1
14:46:40     9.11    514    1
14:46:43     9.10      2   -1
14:46:46     9.11    125    1
14:46:49     9.10    289   -1
14:46:52     9.10     17   -1
14:46:55     9.11    119    1
14:47:04     9.10    224   -1
14:47:43     9.11   2135    1
14:47:46     9.13    884    1
14:47:49     9.12     83    1
14:47:56     9.12    124    1
14:47:59     9.12      6   -1
14:48:02     9.12     84   -1
14:48:05     9.12     92   -1
14:48:08     9.12      4   -1
14:48:11     9.12    304   -1
14:48:14     9.12     62    1
14:48:17     9.12      3    1
14:48:20     9.11    530   -1
14:48:23     9.11    810   -1
14:48:26     9.12     77    1
14:48:29     9.12    631    1
14:48:32     9.12     20    1
14:48:35     9.11      5   -1
14:48:38     9.12    787    1
14:48:41     9.12     49    1
14:48:44     9.11    235   -1
14:48:47     9.12    155    1
14:48:50     9.12      3    1
14:48:53     9.11    274   -1
14:48:56     9.11     19   -1
14:48:59     9.11    431   -1
14:49:02     9.11     35   -1
14:49:05     9.12   1070    1
14:49:11     9.12    116   -1
14:49:14     9.12    241   -1
14:49:17     9.12     56   -1
14:49:20     9.12    321   -1
14:49:23     9.12    205   -1
14:49:26     9.12    212   -1
14:49:29     9.12    180   -1
14:49:32     9.12    148    1
14:49:35     9.12     93    1
14:49:41     9.12    229    1
14:49:47     9.11    104   -1
14:49:50     9.11     11   -1
14:49:53     9.12    121    1
14:49:56     9.12    123    1
14:49:59     9.11    136   -1
14:50:02     9.12   1181    1
14:50:05     9.11    217   -1
14:50:08     9.12    689    1
14:50:11     9.11      2   -1
14:50:14     9.11    195   -1
14:50:17     9.12    150    1
14:50:20     9.11    305   -1
14:50:23     9.12     25    1
14:50:26     9.12      2    1
14:50:29     9.12    106    1
14:50:32     9.12     55    1
14:50:35     9.11      9   -1
14:50:38     9.11     23   -1
14:50:41     9.11      2   -1
14:50:44     9.12     45    1
14:50:47     9.11     28   -1
14:50:50     9.11    131   -1
14:50:53     9.12    264    1
14:50:56     9.12     29    1
14:51:02     9.12     52    1
14:51:05     9.11    663   -1
14:51:08     9.12     80    1
14:51:14     9.11     35   -1
14:51:17     9.11     67   -1
14:51:20     9.11    569   -1
14:51:23     9.11      9   -1
14:51:26     9.12    627    1
14:51:29     9.11     40   -1
14:51:32     9.11     60   -1
14:51:35     9.11    259   -1
14:51:38     9.11     42   -1
14:51:41     9.11   1414   -1
14:51:44     9.11      8   -1
14:51:47     9.11    658   -1
14:51:50     9.11     71   -1
14:51:53     9.12    325    1
14:52:32     9.11   3333   -1
14:52:38     9.12    122    1
14:52:41     9.12    660    1
14:52:44     9.11    184   -1
14:52:47     9.12    519    1
14:52:50     9.11    256   -1
14:52:56     9.12    785    1
14:52:59     9.12    206   -1
14:53:05     9.12    123   -1
14:53:08     9.12     98   -1
14:53:11     9.12    638   -1
14:53:14     9.12     25   -1
14:53:17     9.13    820    1
14:53:20     9.12    256   -1
14:53:23     9.13     97    1
14:53:26     9.13    100    1
14:53:29     9.12     12   -1
14:53:32     9.12    415   -1
14:53:35     9.13     26    1
14:53:38     9.12    167   -1
14:53:41     9.13    652    1
14:53:44     9.12     21   -1
14:53:47     9.13     83    1
14:53:50     9.13    502    1
14:53:53     9.12    118   -1
14:53:56     9.12      1   -1
14:53:59     9.13    425    1
14:54:02     9.13     51   -1
14:54:05     9.13     34   -1
14:54:08     9.13    116   -1
14:54:11     9.13      4   -1
14:54:14     9.13    158   -1
14:54:17     9.14     42    1
14:54:20     9.13   1101   -1
14:54:23     9.12     30   -1
14:54:26     9.14    261    1
14:54:29     9.14     13   -1
14:54:32     9.14     37   -1
14:54:35     9.14    137   -1
14:54:38     9.14     34   -1
14:54:44     9.14    497   -1
14:54:47     9.14    190   -1
14:54:50     9.14    208   -1
14:54:53     9.14     61   -1
14:54:56     9.13    330   -1
14:54:59     9.14     10    1
14:55:02     9.14    360    1
14:55:05     9.14     32    1
14:55:08     9.13    208   -1
14:55:11     9.14      5    1
14:55:17     9.14      1    1
14:55:23     9.14    521    1
14:55:26     9.13    441   -1
14:55:29     9.14    102    1
14:55:32     9.13    950   -1
14:55:35     9.14     60    1
14:55:38     9.14    294    1
14:55:41     9.14    234   -1
14:55:44     9.13    483   -1
14:55:47     9.14    320    1
14:55:50     9.15    182    1
14:55:53     9.14    300   -1
14:55:56     9.15     67    1
14:55:59     9.14     34   -1
14:56:02     9.14    180   -1
14:56:05     9.14     49   -1
14:56:08     9.14    200   -1
14:56:11     9.15    641    1
14:56:14     9.14    138   -1
14:56:17     9.15   1959    1
14:56:20     9.14    148   -1
14:56:23     9.14    785   -1
14:56:26     9.14     27   -1
14:56:29     9.14     55   -1
14:56:32     9.14     40   -1
14:56:35     9.14     21   -1
14:56:38     9.15    563    1
14:56:41     9.15     53    1
14:56:44     9.14    527   -1
14:56:47     9.15     94    1
14:56:50     9.15     14    1
14:56:53     9.15     59    1
14:56:56     9.14     22   -1
14:56:59     9.15    557    1
14:57:02     9.14      4   -1
14:57:11     9.14      0    1
14:57:47     9.14      0   -1
14:59:11     9.14      0   -1
15:00:20     9.15   3199   -1
