+--------+--------+-------+--------+---------+--------+----------+--------+---------+--------------+
| code   | swing  | rise  | sink   | nettnv  | revive | turnover | nmc    | wgt     | name         |
+--------+--------+-------+--------+---------+--------+----------+--------+---------+--------------+
| 002723 | -25.28 | 45.55 | 123.25 |  -77.70 |   2.24 |   168.80 |  65053 | -102.98 | 金莱特    |
| 300376 | -24.43 | 27.86 | 159.66 | -131.80 |   0.81 |   187.52 | 139960 | -156.23 | 易事特    |
| 002718 | -23.55 | 18.39 |  89.22 |  -70.83 |   0.25 |   107.61 |  84364 |  -94.38 | 友邦吊顶 |
| 002713 | -22.75 | 28.95 | 140.78 | -111.83 |   2.09 |   169.73 | 114198 | -134.58 | 东易日盛 |
| 002725 | -21.13 | 29.73 | 113.99 |  -84.26 |   3.85 |   143.72 |  84250 | -105.39 | 跃岭股份 |
| 002519 | -19.55 |  0.00 |  74.82 |  -74.82 |   0.00 |    74.82 | 116548 |  -94.37 | 银河电子 |
| 002721 | -18.85 | 36.74 | 144.50 | -107.76 |   2.06 |   181.24 | 117075 | -126.61 | 金一文化 |
| 002579 | -18.31 |  0.00 | 132.75 | -132.75 |   0.62 |   132.75 |  72135 | -151.06 | 中京电子 |
| 603003 | -17.68 |  0.00 | 125.64 | -125.64 |   1.76 |   125.64 |  82575 | -143.32 | 龙宇燃油 |
| 002709 | -16.84 |  0.00 |  79.15 |  -79.15 |   0.38 |    79.15 |  96848 |  -95.99 | 天赐材料 |
| 300372 | -15.99 | 27.66 | 113.77 |  -86.11 |   2.87 |   141.43 |  59253 | -102.10 | 欣泰电气 |
+--------+--------+-------+--------+---------+--------+----------+--------+---------+--------------+
