+-----+--------+-----------+--------------+
| id  | code   | nmc       | name         |
+-----+--------+-----------+--------------+
| 679 | 601789 |     94959 | 宁波建工 |
| 340 | 600094 |    102281 | 大名城    |
| 556 | 600711 |    137448 | 盛屯矿业 |
| 262 | 002642 |    141942 | 荣之联    |
|  24 | 000156 |    143224 | 华数传媒 |
| 362 | 600145 |    147297 | 国创能源 |
| 634 | 601038 |    148500 | 一拖股份 |
| 702 | 601996 |    149500 | 丰林集团 |
| 569 | 600751 |    151599 | 天津海运 |
| 565 | 600744 |    154175 | 华银电力 |
| 505 | 600568 |    157378 | 中珠控股 |
| 659 | 601388 |    159373 | 怡球资源 |
| 292 | 300152 |    170544 | 燃控科技 |
| 420 | 600293 |    182586 | 三峡新材 |
| 445 | 600375 |    185794 | 华菱星马 |
| 363 | 600146 |    189000 | 大元股份 |
| 475 | 600483 |    191842 | 福建南纺 |
| 467 | 600449 |    193699 | 宁夏建材 |
| 379 | 600179 |    200460 | 黑化股份 |
| 167 | 002067 |    207474 | 景兴纸业 |
| 334 | 600077 |    209737 | 宋都股份 |
| 272 | 300022 |    210011 | 吉峰农机 |
| 587 | 600807 |    212442 | 天业股份 |
| 549 | 600692 |    215484 | 亚通股份 |
| 551 | 600696 |    219665 | 多伦股份 |
| 649 | 601231 |    221290 | 环旭电子 |
| 584 | 600802 |    222632 | 福建水泥 |
| 203 | 002233 |    227521 | 塔牌集团 |
| 486 | 600515 |    228468 | 海岛建设 |
| 504 | 600566 |    236184 | 洪城股份 |
| 400 | 600229 |    238659 | 青岛碱业 |
| 429 | 600318 |    239580 | 巢东股份 |
| 495 | 600537 |    240846 | 亿晶光电 |
| 430 | 600321 |    240900 | 国栋建设 |
| 201 | 002229 |    246546 | 鸿博股份 |
| 394 | 600218 |    250526 | 全柴动力 |
| 667 | 601608 |    252149 | 中信重工 |
| 283 | 300074 |    253364 | 华平股份 |
| 571 | 600757 |    256653 | 长江传媒 |
| 256 | 002490 |    257014 | 山东墨龙 |
|  81 | 000737 |    257347 | 南风化工 |
| 381 | 600186 |    258730 | 莲花味精 |
| 344 | 600107 |    261000 | 美尔雅    |
| 364 | 600149 |    263758 | 廊坊发展 |
| 561 | 600740 |    264506 | 山西焦化 |
| 372 | 600163 |    267647 | 福建南纸 |
| 533 | 600644 |    269346 | 乐山电力 |
| 452 | 600390 |    269844 | 金瑞科技 |
| 520 | 600606 |    271081 | 金丰投资 |
| 456 | 600408 |    274856 | 安泰集团 |
| 351 | 600116 |    275024 | 三峡水利 |
| 496 | 600543 |    276163 | 莫高股份 |
| 384 | 600193 |    279895 | 创兴资源 |
| 264 | 002648 |    280000 | 卫星石化 |
| 416 | 600285 |    282413 | 羚锐制药 |
| 552 | 600699 |    283972 | 均胜电子 |
| 577 | 600779 |    291484 | 水井坊    |
| 630 | 601005 |    291580 | 重庆钢铁 |
| 258 | 002556 |    291719 | 辉隆股份 |
| 401 | 600230 |    294601 | 沧州大化 |
| 263 | 002646 |    296100 | 青青稞酒 |
| 300 | 300355 |    296686 | 蒙草抗旱 |
|  42 | 000537 |    296863 | 广宇发展 |
| 601 | 600838 |    298657 | 上海九百 |
| 399 | 600228 |    301650 | 昌九生化 |
|  66 | 000655 |    301979 | 金岭矿业 |
| 349 | 600113 |    302033 | 浙江东日 |
|  70 | 000680 |    303172 | 山推股份 |
| 417 | 600288 |    304013 | 大恒科技 |
| 526 | 600624 |    304427 | 复旦复华 |
| 147 | 002006 |    304671 | 精功科技 |
| 341 | 600096 |    307743 | 云天化    |
| 328 | 600063 |    310056 | 皖维高新 |
|  96 | 000799 |    314555 | 酒 鬼 酒  |
| 187 | 002154 |    315239 | 报 喜 鸟  |
| 543 | 600668 |    315539 | 尖峰集团 |
| 453 | 600392 |    318994 | 盛和资源 |
| 653 | 601311 |    321471 | 骆驼股份 |
| 582 | 600800 |    322068 | 天津磁卡 |
| 232 | 002355 |    324484 | 兴民钢圈 |
| 546 | 600684 |    324789 | 珠江实业 |
| 191 | 002167 |    325448 | 东方锆业 |
| 521 | 600609 |    325615 | 金杯汽车 |
| 320 | 600039 |    329414 | 四川路桥 |
| 407 | 600257 |    330537 | 大湖股份 |
| 479 | 600491 |    330712 | 龙元建设 |
| 472 | 600470 |    333824 | 六国化工 |
| 425 | 600311 |    334797 | 荣华实业 |
| 265 | 002653 |    336742 | 海思科    |
| 439 | 600354 |    338085 | 敦煌种业 |
|  93 | 000790 |    338937 | 华神集团 |
|  34 | 000426 |    340386 | 兴业矿业 |
| 254 | 002467 |    344220 | 二六三    |
| 184 | 002148 |    344939 | 北纬通信 |
| 390 | 600206 |    346260 | 有研硅股 |
| 392 | 600209 |    348276 | 罗顿发展 |
| 101 | 000823 |    349192 | 超声电子 |
| 185 | 002151 |    349953 | 北斗星通 |
| 435 | 600336 |    350237 | 澳柯玛    |
| 503 | 600559 |    350560 | 老白干酒 |
| 624 | 600976 |    353660 | 武汉健民 |
| 604 | 600846 |    354240 | 同济科技 |
| 625 | 600987 |    358315 | 航民股份 |
| 570 | 600756 |    358469 | 浪潮软件 |
| 563 | 600742 |    360436 | 一汽富维 |
|  47 | 000551 |    363002 | 创元科技 |
| 141 | 000996 |    365010 | 中国中期 |
| 590 | 600815 |    366487 | 厦工股份 |
| 162 | 002055 |    369120 | 得润电子 |
| 225 | 002313 |    369381 | 日海通讯 |
| 294 | 300212 |    369808 | 易华录    |
| 524 | 600616 |    370677 | 金枫酒业 |
| 525 | 600620 |    371263 | 天宸股份 |
| 466 | 600446 |    372083 | 金证股份 |
| 434 | 600333 |    373370 | 长春燃气 |
| 120 | 000926 |    373445 | 福星股份 |
| 530 | 600640 |    374215 | 号百控股 |
|  99 | 000811 |    376794 | 烟台冰轮 |
|  48 | 000552 |    379268 | 靖远煤电 |
| 170 | 002079 |    383133 | 苏州固锝 |
|  12 | 000043 |    386165 | 中航地产 |
| 140 | 000989 |    386887 | 九 芝 堂  |
| 189 | 002158 |    387409 | 汉钟精机 |
| 210 | 002261 |    387524 | 拓维信息 |
| 542 | 600667 |    390738 | 太极实业 |
| 480 | 600495 |    394421 | 晋西车轴 |
| 246 | 002423 |    396615 | 中原特钢 |
|  92 | 000789 |    397033 | 江西水泥 |
| 397 | 600223 |    397384 | 鲁商置业 |
| 566 | 600747 |    398059 | 大连控股 |
| 122 | 000930 |    398302 | 中粮生化 |
| 471 | 600467 |    404649 | 好当家    |
| 250 | 002432 |    408084 | 九安医疗 |
| 335 | 600078 |    408145 | 澄星股份 |
| 409 | 600260 |    411032 | 凯乐科技 |
| 662 | 601519 |    414350 | 大智慧    |
| 172 | 002091 |    416886 | 江苏国泰 |
| 597 | 600831 |    416945 | 广电网络 |
| 686 | 601886 |    419138 | 江河创建 |
| 457 | 600410 |    423264 | 华胜天成 |
|  37 | 000506 |    424101 | 中润资源 |
| 151 | 002016 |    424483 | 世荣兆业 |
|  40 | 000525 |    429202 | 红 太 阳  |
| 277 | 300052 |    430220 | 中青宝    |
| 174 | 002093 |    430721 | 国脉科技 |
| 266 | 002673 |    431700 | 西部证券 |
| 129 | 000962 |    432455 | 东方钽业 |
| 228 | 002325 |    432700 | 洪涛股份 |
| 402 | 600239 |    433947 | 云南城投 |
| 603 | 600844 |    436866 | 丹化科技 |
| 497 | 600545 |    437233 | 新疆城建 |
| 484 | 600502 |    441196 | 安徽水利 |
| 528 | 600636 |    443445 | 三爱富    |
| 293 | 300168 |    445289 | 万达信息 |
| 226 | 002317 |    445736 | 众生药业 |
| 581 | 600797 |    446190 | 浙大网新 |
| 608 | 600868 |    447963 | 梅雁吉祥 |
| 175 | 002095 |    452033 | 生 意 宝  |
| 508 | 600580 |    454589 | 卧龙电气 |
| 154 | 002028 |    455113 | 思源电气 |
| 360 | 600141 |    456119 | 兴发集团 |
| 192 | 002176 |    458110 | 江特电机 |
| 523 | 600614 |    458822 | 鼎立股份 |
| 190 | 002161 |    459434 | 远 望 谷  |
| 131 | 000968 |    459804 | 煤 气 化  |
|  38 | 000511 |    461929 | 银基发展 |
| 485 | 600503 |    462880 | 华丽家族 |
| 564 | 600743 |    465321 | 华远地产 |
|  68 | 000667 |    468405 | 名流置业 |
|  88 | 000780 |    470638 | 平庄能源 |
| 377 | 600176 |    471200 | 中国玻纤 |
|  30 | 000417 |    474766 | 合肥百货 |
|  63 | 000631 |    476752 | 顺发恒业 |
| 169 | 002073 |    476868 | 软控股份 |
| 386 | 600197 |    478926 | 伊力特    |
| 633 | 601012 |    478940 | 隆基股份 |
| 527 | 600633 |    480937 | 浙报传媒 |
| 199 | 002221 |    481726 | 东华能源 |
| 359 | 600139 |    481732 | 西部资源 |
| 398 | 600225 |    485374 | 天津松江 |
| 596 | 600830 |    486125 | 香溢融通 |
|  58 | 000616 |    487709 | 亿城股份 |
|  84 | 000762 |    488077 | 西藏矿业 |
| 380 | 600185 |    491533 | 格力地产 |
| 575 | 600771 |    495464 | 广誉远    |
| 470 | 600460 |    495719 | 士兰微    |
| 615 | 600884 |    497960 | 杉杉股份 |
| 125 | 000938 |    501379 | 紫光股份 |
| 650 | 601238 |    505208 | 广汽集团 |
| 134 | 000975 |    505816 | 银泰资源 |
| 117 | 000915 |    507424 | 山大华特 |
| 369 | 600158 |    507586 | 中体产业 |
| 269 | 300014 |    508010 | 亿纬锂能 |
| 568 | 600750 |    509353 | 江中药业 |
| 180 | 002138 |    511733 | 顺络电子 |
| 216 | 002281 |    512000 | 光迅科技 |
| 559 | 600728 |    512637 | 佳都新太 |
| 100 | 000816 |    512816 | 江淮动力 |
| 421 | 600298 |    514175 | 安琪酵母 |
|   8 | 000027 |    514634 | 深圳能源 |
| 418 | 600289 |    515180 | 亿阳信通 |
| 576 | 600773 |    517514 | 西藏城投 |
| 227 | 002318 |    520816 | 久立特材 |
| 145 | 002004 |    521062 | 华邦颖泰 |
| 382 | 600187 |    522283 | 国中水务 |
|  64 | 000650 |    522936 | 仁和药业 |
| 195 | 002190 |    522960 | 成飞集成 |
| 295 | 300228 |    524943 | 富瑞特装 |
| 375 | 600170 |    527838 | 上海建工 |
| 461 | 600425 |    528077 | 青松建化 |
| 704 | 603000 |    528567 | 人民网    |
| 126 | 000939 |    528732 | 凯迪电力 |
|  98 | 000807 |    529450 | 云铝股份 |
| 558 | 600720 |    530119 | 祁连山    |
| 249 | 002431 |    530486 | 棕榈园林 |
| 553 | 600702 |    531248 | 沱牌舍得 |
| 468 | 600456 |    531808 | 宝钛股份 |
| 205 | 002237 |    533398 | 恒邦股份 |
| 112 | 000877 |    539450 | 天山股份 |
| 511 | 600584 |    540034 | 长电科技 |
| 605 | 600851 |    541843 | 海欣股份 |
| 214 | 002273 |    543003 | 水晶光电 |
| 286 | 300088 |    543259 | 长信科技 |
| 478 | 600490 |    544500 | 鹏欣资源 |
| 680 | 601800 |    546643 | 中国交建 |
| 332 | 600072 |    549237 | 中船股份 |
| 404 | 600251 |    550030 | 冠农股份 |
| 547 | 600688 |    550800 | 上海石化 |
| 353 | 600119 |    551783 | 长江投资 |
| 626 | 600993 |    552565 | 马应龙    |
| 296 | 300251 |    554026 | 光线传媒 |
| 255 | 002476 |    555418 | 宝莫股份 |
| 648 | 601216 |    556668 | 内蒙君正 |
| 176 | 002104 |    557105 | 恒宝股份 |
| 388 | 600199 |    559110 | 金种子酒 |
| 403 | 600240 |    561607 | 华业地产 |
| 285 | 300079 |    562084 | 数码视讯 |
|  31 | 000422 |    563593 | 湖北宜化 |
| 537 | 600654 |    564017 | 飞乐股份 |
| 193 | 002183 |    565538 | 怡 亚 通  |
| 298 | 300273 |    567448 | 和佳股份 |
| 276 | 300039 |    568604 | 上海凯宝 |
|  79 | 000731 |    570569 | 四川美丰 |
| 387 | 600198 |    575302 | 大唐电信 |
| 287 | 300090 |    576248 | 盛运股份 |
| 431 | 600325 |    577651 | 华发股份 |
| 419 | 600292 |    579987 | 中电远达 |
|  80 | 000735 |    582615 | 罗 牛 山  |
| 260 | 002573 |    583845 | 国电清新 |
| 155 | 002029 |    584666 | 七 匹 狼  |
| 284 | 300077 |    585086 | 国民技术 |
| 139 | 000988 |    586355 | 华工科技 |
| 121 | 000927 |    587023 | 一汽夏利 |
| 519 | 600601 |    597010 | 方正科技 |
| 606 | 600863 |    599956 | 内蒙华电 |
| 325 | 600059 |    601844 | 古越龙山 |
|  15 | 000050 |    602352 | 深天马Ａ |
| 137 | 000982 |    603116 | 中银绒业 |
| 389 | 600200 |    605101 | 江苏吴中 |
|  16 | 000059 |    607453 | 辽通化工 |
| 693 | 601928 |    608257 | 凤凰传媒 |
| 163 | 002056 |    608539 | 横店东磁 |
|  51 | 000563 |    608888 | 陕国投Ａ |
| 173 | 002092 |    609258 | 中泰化学 |
| 338 | 600086 |    611209 | 东方金钰 |
| 297 | 300257 |    612019 | 开山股份 |
| 165 | 002064 |    620496 | 华峰氨纶 |
| 541 | 600664 |    623607 | 哈药股份 |
|  53 | 000572 |    623870 | 海马汽车 |
| 476 | 600486 |    624102 | 扬农化工 |
| 222 | 002308 |    624952 | 威创股份 |
| 164 | 002063 |    626231 | 远光软件 |
| 629 | 601002 |    627700 | 晋亿实业 |
| 104 | 000830 |    628024 | 鲁西化工 |
| 278 | 300055 |    628881 | 万邦达    |
|  55 | 000592 |    629971 | 中福实业 |
| 132 | 000969 |    638809 | 安泰科技 |
| 218 | 002293 |    640056 | 罗莱家纺 |
| 159 | 002050 |    641576 | 三花股份 |
| 156 | 002030 |    643083 | 达安基因 |
| 462 | 600426 |    643697 | 华鲁恒升 |
| 522 | 600611 |    644086 | 大众交通 |
| 432 | 600329 |    645988 | 中新药业 |
| 109 | 000860 |    647701 | 顺鑫农业 |
| 194 | 002185 |    649437 | 华天科技 |
|  35 | 000501 |    651244 | 鄂武商Ａ |
| 354 | 600120 |    655599 | 浙江东方 |
| 208 | 002250 |    656058 | 联化科技 |
| 583 | 600801 |    663005 | 华新水泥 |
|  82 | 000750 |    664704 | 国海证券 |
|  10 | 000031 |    669263 | 中粮地产 |
| 161 | 002052 |    670782 | 同洲电子 |
| 621 | 600967 |    672105 | 北方创业 |
|   3 | 000006 |    673320 | 深振业Ａ |
|  39 | 000513 |    675498 | 丽珠集团 |
| 177 | 002106 |    676160 | 莱宝高科 |
| 358 | 600138 |    681174 | 中青旅    |
| 376 | 600175 |    682897 | 美都控股 |
| 211 | 002262 |    683014 | 恩华药业 |
| 591 | 600816 |    689398 | 安信信托 |
| 237 | 002393 |    692402 | 力生制药 |
| 469 | 600458 |    692509 | 时代新材 |
| 441 | 600366 |    695086 | 宁波韵升 |
| 694 | 601929 |    696440 | 吉视传媒 |
|  75 | 000718 |    696708 | 苏宁环球 |
|   6 | 000021 |    698443 | 长城开发 |
| 243 | 002410 |    700733 | 广联达    |
| 238 | 002396 |    702120 | 星网锐捷 |
| 241 | 002405 |    705021 | 四维图新 |
| 613 | 600880 |    707234 | 博瑞传播 |
| 623 | 600971 |    709003 | 恒源煤电 |
| 347 | 600110 |    710893 | 中科英华 |
| 136 | 000979 |    711493 | 中弘股份 |
| 150 | 002011 |    713609 | 盾安环境 |
|  41 | 000528 |    716096 | 柳    工   |
|  22 | 000089 |    718335 | 深圳机场 |
|  91 | 000788 |    718584 | 北大医药 |
| 233 | 002368 |    722753 | 太极股份 |
| 449 | 600387 |    725521 | 海越股份 |
| 128 | 000961 |    727499 | 中南建设 |
|  71 | 000685 |    734624 | 中山公用 |
| 152 | 002022 |    736241 | 科华生物 |
| 235 | 002378 |    737384 | 章源钨业 |
| 229 | 002340 |    740641 | 格林美    |
| 282 | 300072 |    741912 | 三聚环保 |
| 493 | 600528 |    744192 | 中铁二局 |
| 460 | 600422 |    745510 | 昆明制药 |
| 374 | 600169 |    746578 | 太原重工 |
| 356 | 600125 |    746759 | 铁龙物流 |
| 641 | 601118 |    752540 | 海南橡胶 |
| 534 | 600645 |    752904 | 中源协和 |
|  19 | 000062 |    757646 | 深圳华强 |
| 614 | 600881 |    757893 | 亚泰集团 |
| 251 | 002440 |    760671 | 闰土股份 |
|  45 | 000540 |    761797 | 中天城投 |
| 215 | 002275 |    764866 | 桂林三金 |
| 451 | 600389 |    765468 | 江山股份 |
| 426 | 600312 |    769009 | 平高电气 |
| 492 | 600522 |    770728 | 中天科技 |
| 422 | 600300 |    772464 | 维维股份 |
| 188 | 002155 |    772942 | 辰州矿业 |
| 357 | 600132 |    774838 | 重庆啤酒 |
| 330 | 600067 |    776011 | 冠城大通 |
| 280 | 300059 |    777707 | 东方财富 |
| 207 | 002244 |    786697 | 滨江集团 |
| 592 | 600820 |    788306 | 隧道股份 |
| 515 | 600596 |    789213 | 新安股份 |
| 501 | 600551 |    803251 | 时代出版 |
| 247 | 002428 |    806944 | 云南锗业 |
| 242 | 002408 |    809809 | 齐翔腾达 |
| 609 | 600872 |    810977 | 中炬高新 |
| 271 | 300017 |    811029 | 网宿科技 |
| 410 | 600261 |    813178 | 阳光照明 |
| 550 | 600694 |    814482 | 大商股份 |
| 181 | 002140 |    816525 | 东华科技 |
| 368 | 600157 |    823086 | 永泰能源 |
| 574 | 600770 |    824560 | 综艺股份 |
| 267 | 300002 |    825635 | 神州泰岳 |
| 509 | 600582 |    827893 | 天地科技 |
| 318 | 600037 |    828147 | 歌华有线 |
| 701 | 601992 |    832123 | 金隅股份 |
| 196 | 002191 |    834600 | 劲嘉股份 |
|  56 | 000596 |    835479 | 古井贡酒 |
| 567 | 600748 |    837446 | 上实发展 |
| 488 | 600517 |    855050 | 置信电气 |
| 473 | 600478 |    855690 | 科力远    |
| 114 | 000887 |    861399 | 中鼎股份 |
|  73 | 000690 |    861466 | 宝新能源 |
|  49 | 000559 |    865075 | 万向钱潮 |
| 579 | 600787 |    865306 | 中储股份 |
| 474 | 600481 |    866001 | 双良节能 |
| 220 | 002299 |    870414 | 圣农发展 |
| 411 | 600266 |    879419 | 北京城建 |
| 502 | 600557 |    881090 | 康缘药业 |
| 370 | 600160 |    887440 | 巨化股份 |
| 610 | 600874 |    890440 | 创业环保 |
| 638 | 601101 |    891599 | 昊华能源 |
| 311 | 600022 |    892307 | 山东钢铁 |
| 146 | 002005 |    893330 | 德豪润达 |
| 676 | 601717 |    901139 | 郑煤机    |
| 198 | 002219 |    904747 | 独 一 味  |
| 572 | 600759 |    909585 | 正和股份 |
| 323 | 600056 |    910992 | 中国医药 |
|  14 | 000049 |    913882 | 德赛电池 |
| 459 | 600418 |    918303 | 江淮汽车 |
| 594 | 600825 |    918456 | 新华传媒 |
| 586 | 600805 |    918837 | 悦达投资 |
| 319 | 600038 |    921303 | 哈飞股份 |
| 673 | 601669 |    921921 | 中国水电 |
| 637 | 601099 |    924387 | 太平洋    |
| 123 | 000933 |    929320 | 神火股份 |
| 135 | 000977 |    929874 | 浪潮信息 |
| 612 | 600879 |    944939 | 航天电子 |
|  94 | 000792 |    945843 | 盐湖股份 |
| 507 | 600572 |    946992 | 康恩贝    |
| 219 | 002294 |    947331 | 信立泰    |
| 628 | 601001 |    950662 | 大同煤业 |
| 274 | 300026 |    951777 | 红日药业 |
| 464 | 600435 |    953165 | 北方导航 |
| 106 | 000839 |    954670 | 中信国安 |
| 223 | 002310 |    960173 | 东方园林 |
| 573 | 600765 |    960834 | 中航重机 |
| 444 | 600373 |    962048 | 中文传媒 |
| 270 | 300015 |    962098 | 爱尔眼科 |
| 299 | 300315 |    962747 | 掌趣科技 |
|   9 | 000028 |    968034 | 国药一致 |
| 532 | 600643 |    968421 | 爱建股份 |
| 107 | 000848 |    971176 | 承德露露 |
| 395 | 600219 |    978689 | 南山铝业 |
|  83 | 000758 |    980899 | 中色股份 |
|  69 | 000671 |    981200 | 阳 光 城  |
| 366 | 600151 |    990260 | 航天机电 |
| 622 | 600970 |    991621 | 中材国际 |
|  57 | 000598 |    993314 | 兴蓉投资 |
| 663 | 601555 |    995425 | 东吴证券 |
| 168 | 002069 |    996237 | 獐 子 岛  |
| 408 | 600259 |    998598 | 广晟有色 |
| 491 | 600521 |    999004 | 华海药业 |
| 393 | 600216 |    999759 | 浙江医药 |
|  44 | 000539 |   1000015 | 粤电力Ａ |
| 217 | 002292 |   1001933 | 奥飞动漫 |
|  74 | 000709 |   1002608 | 河北钢铁 |
| 212 | 002267 |   1003084 | 陕天然气 |
| 127 | 000960 |   1008051 | 锡业股份 |
| 119 | 000921 |   1014323 | 海信科龙 |
|  61 | 000629 |   1015422 | 攀钢钒钛 |
|  90 | 000786 |   1017915 | 北新建材 |
| 593 | 600823 |   1025442 | 世茂股份 |
|  28 | 000401 |   1031645 | 冀东水泥 |
| 498 | 600546 |   1044754 | 山煤国际 |
| 245 | 002422 |   1062768 | 科伦药业 |
| 291 | 300146 |   1066447 | 汤臣倍健 |
| 118 | 000917 |   1068681 | 电广传媒 |
|   5 | 000012 |   1068986 | 南  玻Ａ  |
| 240 | 002400 |   1069414 | 省广股份 |
| 178 | 002128 |   1071962 | 露天煤业 |
| 446 | 600376 |   1078408 | 首开股份 |
| 268 | 300003 |   1081304 | 乐普医疗 |
| 463 | 600433 |   1084154 | 冠豪高新 |
| 514 | 600594 |   1085526 | 益佰制药 |
| 436 | 600340 |   1091330 | 华夏幸福 |
| 545 | 600675 |   1096897 | 中华企业 |
|  18 | 000061 |   1097392 | 农 产 品  |
| 200 | 002223 |   1100159 | 鱼跃医疗 |
| 160 | 002051 |   1104723 | 中工国际 |
| 589 | 600811 |   1113426 | 东方集团 |
| 487 | 600516 |   1120472 | 方大炭素 |
|  21 | 000088 |   1120608 | 盐 田 港  |
|   4 | 000009 |   1120976 | 中国宝安 |
| 681 | 601801 |   1123850 | 皖新传媒 |
| 691 | 601918 |   1129476 | 国投新集 |
| 538 | 600655 |   1129735 | 豫园商城 |
| 506 | 600570 |   1142940 | 恒生电子 |
| 142 | 000998 |   1143034 | 隆平高科 |
| 619 | 600895 |   1158420 | 张江高科 |
| 415 | 600277 |   1159167 | 亿利能源 |
| 259 | 002570 |   1162834 | 贝因美    |
| 670 | 601633 |   1164034 | 长城汽车 |
| 224 | 002311 |   1167106 | 海大集团 |
| 113 | 000878 |   1169933 | 云南铜业 |
| 336 | 600079 |   1173213 | 人福医药 |
| 158 | 002041 |   1176398 | 登海种业 |
|  27 | 000400 |   1178864 | 许继电气 |
| 371 | 600161 |   1178873 | 天坛生物 |
| 327 | 600062 |   1183411 | 华润双鹤 |
| 671 | 601666 |   1194749 | 平煤股份 |
| 595 | 600827 |   1198210 | 友谊股份 |
| 130 | 000963 |   1199269 | 华东医药 |
| 149 | 002008 |   1210342 | 大族激光 |
| 186 | 002152 |   1221639 | 广电运通 |
| 110 | 000869 |   1222984 | 张  裕Ａ  |
| 234 | 002375 |   1235229 | 亚厦股份 |
| 483 | 600499 |   1252390 | 科达机电 |
| 253 | 002456 |   1253935 | 欧菲光    |
| 179 | 002129 |   1256356 | 中环股份 |
|  17 | 000060 |   1263407 | 中金岭南 |
| 599 | 600835 |   1268631 | 上海机电 |
| 555 | 600705 |   1278551 | 中航投资 |
| 290 | 300133 |   1279224 | 华策影视 |
| 412 | 600267 |   1283075 | 海正药业 |
| 273 | 300024 |   1288226 | 机器人    |
|  72 | 000686 |   1289919 | 东北证券 |
| 645 | 601168 |   1291586 | 西部矿业 |
|  46 | 000550 |   1294264 | 江铃汽车 |
| 373 | 600166 |   1307122 | 福田汽车 |
| 213 | 002269 |   1313535 | 美邦服饰 |
|  59 | 000623 |   1314766 | 吉林敖东 |
| 279 | 300058 |   1318827 | 蓝色光标 |
| 355 | 600123 |   1322899 | 兰花科创 |
| 454 | 600395 |   1325697 | 盘江股份 |
|  67 | 000661 |   1326370 | 长春高新 |
| 428 | 600316 |   1326662 | 洪都航空 |
| 607 | 600867 |   1327323 | 通化东宝 |
| 513 | 600588 |   1332393 | 用友软件 |
| 144 | 002001 |   1350174 | 新 和 成  |
| 133 | 000970 |   1362391 | 中科三环 |
| 331 | 600068 |   1367084 | 葛洲坝    |
|   7 | 000024 |   1371272 | 招商地产 |
| 602 | 600839 |   1373779 | 四川长虹 |
| 261 | 002594 |   1404516 | 比亚迪    |
| 248 | 002429 |   1407711 | 兆驰股份 |
| 111 | 000876 |   1415703 | 新 希 望  |
|  62 | 000630 |   1415892 | 铜陵有色 |
| 236 | 002385 |   1418619 | 大北农    |
| 405 | 600252 |   1424731 | 中恒集团 |
| 450 | 600388 |   1446092 | 龙净环保 |
| 324 | 600058 |   1453511 | 五矿发展 |
| 303 | 600008 |   1463000 | 首创股份 |
| 482 | 600498 |   1468532 | 烽火通信 |
| 102 | 000825 |   1469525 | 太钢不锈 |
| 361 | 600143 |   1475264 | 金发科技 |
| 578 | 600783 |   1482019 | 鲁信创投 |
| 289 | 300124 |   1490183 | 汇川技术 |
| 557 | 600718 |   1496437 | 东软集团 |
| 105 | 000831 |   1499366 | 五矿稀土 |
| 202 | 002230 |   1501072 | 科大讯飞 |
| 326 | 600060 |   1503566 | 海信电器 |
|  87 | 000778 |   1515089 | 新兴铸管 |
|  29 | 000402 |   1515711 | 金 融 街  |
|  95 | 000793 |   1519790 | 华闻传媒 |
| 642 | 601139 |   1531282 | 深圳燃气 |
| 367 | 600153 |   1539573 | 建发股份 |
| 588 | 600809 |   1553332 | 山西汾酒 |
|  33 | 000425 |   1556102 | 徐工机械 |
| 465 | 600436 |   1559937 | 片仔癀    |
| 656 | 601333 |   1571322 | 广深铁路 |
| 148 | 002007 |   1594127 | 华兰生物 |
| 378 | 600177 |   1594842 | 雅戈尔    |
| 458 | 600415 |   1594862 | 小商品城 |
| 500 | 600549 |   1610837 | 厦门钨业 |
| 257 | 002500 |   1612666 | 山西证券 |
| 304 | 600009 |   1625999 | 上海机场 |
|  20 | 000069 |   1629747 | 华侨城Ａ |
| 481 | 600497 |   1635877 | 驰宏锌锗 |
| 183 | 002146 |   1649247 | 荣盛发展 |
| 345 | 600108 |   1650984 | 亚盛集团 |
| 539 | 600660 |   1668488 | 福耀玻璃 |
|  97 | 000800 |   1675751 | 一汽轿车 |
| 124 | 000937 |   1682627 | 冀中能源 |
| 197 | 002202 |   1692306 | 金风科技 |
|  11 | 000039 |   1699531 | 中集集团 |
|  54 | 000581 |   1730188 | 威孚高科 |
| 288 | 300104 |   1751455 | 乐视网    |
| 312 | 600027 |   1781657 | 华电国际 |
| 239 | 002399 |   1792448 | 海普瑞    |
| 413 | 600271 |   1800630 | 航天信息 |
|  26 | 000338 |   1807123 | 潍柴动力 |
|  36 | 000503 |   1813808 | 海虹控股 |
| 437 | 600348 |   1837420 | 阳泉煤业 |
| 585 | 600804 |   1839116 | 鹏博士    |
|  23 | 000100 |   1847981 | TCL 集团   |
| 166 | 002065 |   1856066 | 东华软件 |
|  78 | 000729 |   1863595 | 燕京啤酒 |
| 438 | 600352 |   1865734 | 浙江龙盛 |
| 342 | 600100 |   1872414 | 同方股份 |
| 157 | 002038 |   1893521 | 双鹭药业 |
| 636 | 601098 |   1896576 | 中南传媒 |
| 314 | 600029 |   1903138 | 南方航空 |
| 658 | 601377 |   1908852 | 兴业证券 |
| 116 | 000898 |   1918454 | *ST鞍钢    |
| 443 | 600372 |   1937471 | 中航电子 |
| 685 | 601866 |   1943371 | 中海集运 |
| 611 | 600875 |   1953372 | 东方电气 |
|  77 | 000728 |   1968028 | 国元证券 |
| 391 | 600208 |   1976567 | 新湖中宝 |
|  13 | 000046 |   1977562 | 泛海建设 |
| 346 | 600109 |   1987694 | 国金证券 |
| 618 | 600893 |   1989962 | 航空动力 |
| 230 | 002344 |   2002614 | 海宁皮城 |
| 281 | 300070 |   2005021 | 碧水源    |
| 695 | 601933 |   2030328 | 永辉超市 |
| 352 | 600118 |   2035064 | 中国卫星 |
| 690 | 601901 |   2066592 | 方正证券 |
| 531 | 600642 |   2075729 | 申能股份 |
| 329 | 600066 |   2080950 | 宇通客车 |
| 103 | 000826 |   2108806 | 桑德环境 |
| 350 | 600115 |   2116762 | 东方航空 |
|  85 | 000768 |   2168997 | 中航飞机 |
| 517 | 600598 |   2188324 | 北大荒    |
| 442 | 600369 |   2194814 | 西南证券 |
| 252 | 002450 |   2211107 | 康得新    |
| 302 | 600005 |   2220632 | 武钢股份 |
| 544 | 600674 |   2249420 | 川投能源 |
| 138 | 000983 |   2256238 | 西山煤电 |
| 143 | 000999 |   2278140 | 华润三九 |
| 560 | 600739 |   2318642 | 辽宁成大 |
| 697 | 601958 |   2329608 | 金钼股份 |
| 396 | 600221 |   2350601 | 海南航空 |
| 540 | 600663 |   2350843 | 陆家嘴    |
|  89 | 000783 |   2354585 | 长江证券 |
| 231 | 002353 |   2356394 | 杰瑞股份 |
| 632 | 601009 |   2384053 | 南京银行 |
| 171 | 002081 |   2404673 | 金 螳 螂  |
| 477 | 600489 |   2431107 | 中金黄金 |
| 657 | 601336 |   2450993 | 新华保险 |
| 275 | 300027 |   2471229 | 华谊兄弟 |
|  76 | 000725 |   2473084 | 京东方Ａ |
| 499 | 600547 |   2480415 | 山东黄金 |
| 305 | 600010 |   2518068 | 包钢股份 |
| 209 | 002252 |   2521440 | 上海莱士 |
| 675 | 601699 |   2521988 | 潞安环能 |
|  32 | 000423 |   2536686 | 东阿阿胶 |
| 536 | 600649 |   2551345 | 城投控股 |
| 339 | 600089 |   2606569 | 特变电工 |
| 516 | 600597 |   2613461 | 光明乳业 |
| 427 | 600315 |   2625348 | 上海家化 |
| 204 | 002236 |   2635071 | 大华股份 |
| 337 | 600085 |   2639895 | 同仁堂    |
| 182 | 002142 |   2644448 | 宁波银行 |
| 666 | 601607 |   2657496 | 上海医药 |
| 406 | 600256 |   2659204 | 广汇能源 |
| 616 | 600886 |   2660121 | 国投电力 |
| 383 | 600188 |   2735040 | 兖州煤业 |
| 448 | 600383 |   2749978 | 金地集团 |
| 562 | 600741 |   2751108 | 华域汽车 |
|  52 | 000568 |   2762581 | 泸州老窖 |
| 535 | 600648 |   2768534 | 外高桥    |
| 668 | 601618 |   2809347 | 中国中冶 |
| 643 | 601158 |   2832000 | 重庆水务 |
| 365 | 600150 |   2840300 | 中国船舶 |
| 433 | 600332 |   2891080 | 白云山    |
|  50 | 000562 |   2892188 | 宏源证券 |
| 678 | 601788 |   2905300 | 光大证券 |
| 440 | 600362 |   2917798 | 江西铜业 |
| 510 | 600583 |   2928748 | 海油工程 |
| 687 | 601888 |   2948000 | 中国国旅 |
| 598 | 600832 |   3097117 | 东方明珠 |
| 529 | 600637 |   3118144 | 百视通    |
| 518 | 600600 |   3128828 | 青岛啤酒 |
| 455 | 600406 |   3149816 | 国电南瑞 |
| 554 | 600703 |   3167296 | 三安光电 |
| 348 | 600111 |   3216367 | 包钢稀土 |
| 639 | 601111 |   3240087 | 中国国航 |
| 221 | 002304 |   3326091 | 洋河股份 |
|  25 | 000157 |   3393727 | 中联重科 |
| 664 | 601600 |   3410666 | 中国铝业 |
| 385 | 600196 |   3486942 | 复星医药 |
| 580 | 600795 |   3587042 | 国电电力 |
| 689 | 601899 |   3587463 | 紫金矿业 |
| 640 | 601117 |   3778678 | 中国化学 |
|  60 | 000625 |   3780477 | 长安汽车 |
| 696 | 601939 |   3799088 | 建设银行 |
| 489 | 600518 |   3880731 | 康美药业 |
| 206 | 002241 |   4059434 | 歌尔声学 |
| 424 | 600309 |   4153845 | 万华化学 |
| 688 | 601898 |   4224272 | 中煤能源 |
| 700 | 601991 |   4234786 | 大唐发电 |
| 494 | 600535 |   4304888 | 天士力    |
| 316 | 600031 |   4577134 | 三一重工 |
| 660 | 601390 |   4649163 | 中国中铁 |
| 153 | 002024 |   4807830 | 苏宁云商 |
| 647 | 601186 |   4817814 | 中国铁建 |
| 307 | 600015 |   4904691 | 华夏银行 |
| 674 | 601688 |   4914756 | 华泰证券 |
| 548 | 600690 |   4942378 | 青岛海尔 |
| 677 | 601766 |   4977513 | 中国南车 |
| 414 | 600276 |   5013589 | 恒瑞医药 |
| 652 | 601299 |   5067148 | 中国北车 |
| 115 | 000895 |   5243152 | 双汇发展 |
| 306 | 600011 |   5313000 | 华能国际 |
| 646 | 601169 |   5425452 | 北京银行 |
| 627 | 600999 |   5462809 | 招商证券 |
| 321 | 600048 |   5767499 | 保利地产 |
| 108 | 000858 |   5769223 | 五 粮 液  |
| 682 | 601808 |   5948997 | 中海油服 |
| 620 | 600900 |   6091213 | 长江电力 |
| 699 | 601989 |   6426682 | 中国重工 |
| 617 | 600887 |   6582959 | 伊利股份 |
|  43 | 000538 |   6602256 | 云南白药 |
|   1 | 000001 |   6640899 | 平安银行 |
| 310 | 600019 |   6654577 | 宝钢股份 |
| 512 | 600585 |   6707501 | 海螺水泥 |
| 322 | 600050 |   6782911 | 中国联通 |
| 244 | 002415 |   6881070 | 海康威视 |
|  86 | 000776 |   7209697 | 广发证券 |
|   2 | 000002 |   7595729 | 万  科Ａ  |
| 600 | 600837 |   8828515 | 海通证券 |
|  65 | 000651 |   9107945 | 格力电器 |
| 672 | 601668 |   9463471 | 中国建筑 |
| 683 | 601818 |  10640108 | 光大银行 |
| 665 | 601601 |  10845878 | 中国太保 |
| 631 | 601006 |  11016292 | 大秦铁路 |
| 703 | 601998 |  11422049 | 中信银行 |
| 309 | 600018 |  11523949 | 上港集团 |
| 315 | 600030 |  12022961 | 中信证券 |
| 343 | 600104 |  12551209 | 上汽集团 |
| 655 | 601328 |  12625695 | 交通银行 |
| 490 | 600519 |  13148550 | 贵州茅台 |
| 301 | 600000 |  13967719 | 浦发银行 |
| 644 | 601166 |  15839845 | 兴业银行 |
| 308 | 600016 |  17573614 | 民生银行 |
| 654 | 601318 |  18652638 | 中国平安 |
| 317 | 600036 |  21309700 | 招商银行 |
| 635 | 601088 |  25775492 | 中国神华 |
| 669 | 601628 |  30214942 | 中国人寿 |
| 313 | 600028 |  41428588 | 中国石化 |
| 698 | 601988 |  51244913 | 中国银行 |
| 651 | 601288 |  69620065 | 农业银行 |
| 661 | 601398 |  94360564 | 工商银行 |
| 684 | 601857 | 124518078 | 中国石油 |
+-----+--------+-----------+--------------+
